(
(   //1-------------------------------------------------------------------------
(  (  0.000000000000000E+000, 0.000000000000000E+000, 0.000000000000000E+000, 0.000000000000000E+000, 0.000000000000000E+000, 0.000000000000000E+000, 0.000000000000000E+000, 0.000000000000000E+000, 0.000000000000000E+000, 0.000000000000000E+000 ),
   (  0.000000000000000E+000, 1.976821431259378E-002, 2.656425998993357E-001, 4.140946452051493E-001, 5.254142354239162E-001, 7.955061133107630E-001, 9.597378689500120E-001, 9.973093931496431E-001, 9.980225095271801E-001, 1.000000000000000E+000 )  ),
(  (  8.448375750888911E-007, 9.191849627935518E-003, 1.800846973692630E-001, 3.435450103685040E-001, 4.685386089490770E-001, 7.978493427062179E-001, 8.977297752356511E-001, 9.913552447408777E-001, 9.978031073619393E-001, 1.000000000000000E+000 ),
   (  8.448375750888911E-007, 9.186006824263208E-003, 1.792123163960954E-001, 3.435091620195102E-001, 4.687727860290628E-001, 7.586226409348028E-001, 8.977297752356511E-001, 9.913552447408777E-001, 9.980295683801310E-001, 1.000000000000000E+000 )  ),
(  (  8.448375750888911E-007, 9.740260641918809E-003, 1.800846973692630E-001, 3.465807878055351E-001, 4.685212756782725E-001, 7.978487305830384E-001, 9.020501196383384E-001, 9.917514448085668E-001, 9.978203835216081E-001, 1.000000000000000E+000 ),
   (  8.448375750888911E-007, 9.758646570819325E-003, 1.792123163960954E-001, 3.464902876584848E-001, 4.687314892626734E-001, 7.587585193400818E-001, 9.020501196383384E-001, 9.917514448085668E-001, 9.980770765883589E-001, 1.000000000000000E+000 )  ),
(  (  8.448375750888911E-007, 9.997745985752780E-003, 1.801213024215056E-001, 3.497101316511073E-001, 4.702556681350084E-001, 7.978481180701069E-001, 9.064317715270277E-001, 9.921480042136308E-001, 9.978454506905979E-001, 1.000000000000000E+000 ),
   (  8.448375750888911E-007, 1.002018442738250E-002, 1.792486970090870E-001, 3.495632938392870E-001, 4.704504351102717E-001, 7.588932664405886E-001, 9.064317715270277E-001, 9.921480042136308E-001, 9.981508459021616E-001, 1.000000000000000E+000 )  ),
(  (  8.448375750888911E-007, 1.003888945454448E-002, 1.802417469060224E-001, 3.529354352092340E-001, 4.733532799066336E-001, 7.978475051670511E-001, 9.108754750914598E-001, 9.925449232353803E-001, 9.978774847272815E-001, 1.000000000000000E+000 ),
   (  8.448375750888911E-007, 1.005944218217101E-002, 1.793683933159888E-001, 3.527305306937868E-001, 4.735381229141241E-001, 7.590246498215265E-001, 9.108754750914598E-001, 9.925449232353803E-001, 9.982392906726043E-001, 1.000000000000000E+000 )  ),
(  (  8.448375750888911E-007, 1.038646174345704E-002, 1.803590218385866E-001, 3.561579165429106E-001, 5.137481736805483E-001, 7.978612154725290E-001, 9.153819820340778E-001, 9.929422021533064E-001, 9.985377700937845E-001, 1.000000000000000E+000 ),
   (  8.448375750888911E-007, 1.041263590300369E-002, 1.794815500604514E-001, 3.558898256622969E-001, 5.137795808599825E-001, 7.591926142617812E-001, 9.153819820340778E-001, 9.929422021533064E-001, 9.984233936407856E-001, 1.000000000000000E+000 )  ),
(  (  8.448375750888911E-007, 1.047401058923639E-002, 1.808994063549270E-001, 3.595913777161086E-001, 5.155392355937931E-001, 7.978606108844509E-001, 9.199520516305787E-001, 9.933398412470817E-001, 9.986051090890425E-001, 1.000000000000000E+000 ),
   (  8.448375750888911E-007, 1.049202576421953E-002, 1.800182370009542E-001, 3.592612167362186E-001, 5.155614932124679E-001, 7.591604770874576E-001, 9.199520516305787E-001, 9.933398412470817E-001, 9.986051090890425E-001, 1.000000000000000E+000 )  ),
(  (  8.448375750888911E-007, 1.061271678812836E-002, 1.818787245615151E-001, 3.631362407849957E-001, 5.277683563000265E-001, 7.978606108844509E-001, 9.245864507908302E-001, 9.937378407965594E-001, 9.987868639103346E-001, 1.000000000000000E+000 ),
   (  8.448375750888911E-007, 1.062366320002490E-002, 1.809907807573793E-001, 3.627419942816973E-001, 5.277705373602004E-001, 7.591133953840566E-001, 9.245864507908302E-001, 9.937378407965594E-001, 9.987868639103346E-001, 1.000000000000000E+000 )  ),
(  (  8.448375750888911E-007, 1.084493351050375E-002, 1.835815537732101E-001, 3.667957945233644E-001, 5.331368319544486E-001, 7.978612154725290E-001, 9.292859541201542E-001, 9.941362010817744E-001, 9.988347861768192E-001, 1.000000000000000E+000 ),
   (  8.448375750888911E-007, 1.084995033773099E-002, 1.826817040505449E-001, 3.663353875222416E-001, 5.331273245472187E-001, 7.590710075194573E-001, 9.292859541201542E-001, 9.941362010817744E-001, 9.989686581119737E-001, 1.000000000000000E+000 )  ),
(  (  8.448375750888911E-007, 1.117047663835085E-002, 1.863453498755455E-001, 3.704625590386365E-001, 5.776425180202551E-001, 7.978475051670511E-001, 9.340513439809782E-001, 9.945349223829422E-001, 9.988509819896593E-001, 1.000000000000000E+000 ),
   (  8.448375750888911E-007, 1.116483988769910E-002, 1.854221981604504E-001, 3.699306728831894E-001, 5.774568734174897E-001, 7.591714166834982E-001, 9.340513439809782E-001, 9.945349223829422E-001, 9.990052387648997E-001, 1.000000000000000E+000 )  ),
(  (  8.448375750888911E-007, 1.152470511309915E-002, 1.912314051309233E-001, 3.743759340822686E-001, 5.820835180466777E-001, 7.978481180701069E-001, 9.388834105548566E-001, 9.949340049804601E-001, 9.988102088835955E-001, 1.000000000000000E+000 ),
   (  8.448375750888911E-007, 1.150747298630030E-002, 1.902734257181864E-001, 3.737735828430833E-001, 5.818886153058627E-001, 7.600821902951291E-001, 9.388834105548566E-001, 9.949340049804601E-001, 9.990053290625377E-001, 1.000000000000000E+000 )  ),
(  (  8.448375750888911E-007, 1.204692926663590E-002, 1.993772471961098E-001, 3.784233159557165E-001, 5.852845839690098E-001, 7.978487305830384E-001, 9.437829519048634E-001, 9.953334491549073E-001, 9.986508090300614E-001, 1.000000000000000E+000 ),
   (  8.448375750888911E-007, 1.201346797469458E-002, 1.983610151120514E-001, 3.777480848383551E-001, 5.850752610838682E-001, 7.632283694464180E-001, 9.437829519048634E-001, 9.953334491549073E-001, 9.989398983742382E-001, 1.000000000000000E+000 )  ),
(  (  8.448375750888911E-007, 1.100125064740075E-002, 2.129322009477236E-001, 3.826091359671534E-001, 5.867410994476092E-001, 7.978493427062179E-001, 9.487507740383577E-001, 9.957332551870435E-001, 9.981719992381122E-001, 1.000000000000000E+000 ),
   (  8.448375750888911E-007, 1.101107375286969E-002, 2.118185889041094E-001, 3.818585302619081E-001, 5.865089886411962E-001, 7.722317779314920E-001, 9.487507740383577E-001, 9.957332551870435E-001, 9.987380358117116E-001, 1.000000000000000E+000 )  )
 ),
(   //2-------------------------------------------------------------------------
(  (  0.000000000000000E+000, 0.000000000000000E+000, 0.000000000000000E+000, 0.000000000000000E+000, 0.000000000000000E+000, 0.000000000000000E+000, 0.000000000000000E+000, 0.000000000000000E+000, 0.000000000000000E+000, 0.000000000000000E+000 ),
   (  0.000000000000000E+000, 0.000000000000000E+000, 0.000000000000000E+000, 0.000000000000000E+000, 0.000000000000000E+000, 0.000000000000000E+000, 0.000000000000000E+000, 0.000000000000000E+000, 0.000000000000000E+000, 0.000000000000000E+000 )  ),
(  (  0.000000000000000E+000, 0.000000000000000E+000, 0.000000000000000E+000, 0.000000000000000E+000, 0.000000000000000E+000, 0.000000000000000E+000, 0.000000000000000E+000, 0.000000000000000E+000, 0.000000000000000E+000, 0.000000000000000E+000 ),
   (  0.000000000000000E+000, 1.274118383693774E-003, 8.552945846712678E-002, 2.761536977130615E-001, 4.715979347162470E-001, 7.217391685588428E-001, 8.360182835570640E-001, 9.854049962517855E-001, 9.980336305502255E-001, 1.000000000000000E+000 )  ),
(  (  3.760891657714681E-007, 3.178971093721470E-003, 8.057905419746628E-002, 3.038149389310579E-001, 4.505685646037410E-001, 7.104038739073892E-001, 8.459922039038672E-001, 9.869732661916336E-001, 9.979087787656646E-001, 1.000000000000000E+000 ),
   (  3.760891657714681E-007, 3.233365557492317E-003, 8.101456676335679E-002, 3.044980673779066E-001, 4.506876591431794E-001, 7.218359585498304E-001, 8.459922039038672E-001, 9.869732661916336E-001, 9.980720895207408E-001, 1.000000000000000E+000 )  ),
(  (  3.786621132238826E-007, 3.358637838777980E-003, 8.084188059393874E-002, 3.069493058786971E-001, 4.531179993701301E-001, 7.104290877090778E-001, 8.503738557925565E-001, 9.873698255966977E-001, 9.979207387470596E-001, 1.000000000000000E+000 ),
   (  3.786621132238826E-007, 3.417119487705066E-003, 8.127264620214619E-002, 3.075762392981344E-001, 4.532399737666780E-001, 7.219315342978088E-001, 8.503738557925565E-001, 9.873698255966977E-001, 9.981355248740572E-001, 1.000000000000000E+000 )  ),
(  (  3.812998704358038E-007, 3.315700416542217E-003, 8.134274860226919E-002, 3.101797926149354E-001, 4.566075211751048E-001, 7.104532156631951E-001, 8.548175593569887E-001, 9.877667446184472E-001, 9.979370937118123E-001, 1.000000000000000E+000 ),
   (  3.812998704358038E-007, 3.373573458710332E-003, 8.176515393017379E-002, 3.107488061249393E-001, 4.567358559676790E-001, 7.220236631237313E-001, 8.548175593569887E-001, 9.877667446184472E-001, 9.982143595007983E-001, 1.000000000000000E+000 )  ),
(  (  4.074370864090792E-007, 3.524344030114393E-003, 8.230752541318721E-002, 3.134720250084149E-001, 4.760893919648987E-001, 7.111437190684852E-001, 8.593240662996067E-001, 9.881640235363733E-001, 9.981192503276850E-001, 1.000000000000000E+000 ),
   (  4.074370864090792E-007, 3.587567861602570E-003, 8.271860629514442E-002, 3.139800025207495E-001, 4.762393934546852E-001, 7.221925206388983E-001, 8.593240662996067E-001, 9.881640235363733E-001, 9.983742363327115E-001, 1.000000000000000E+000 )  ),
(  (  3.958198879981789E-007, 3.586786290429655E-003, 8.341178701449770E-002, 3.167974034063923E-001, 5.001895567201851E-001, 7.105895287792873E-001, 8.638941358961075E-001, 9.885616626301486E-001, 9.986089096080861E-001, 1.000000000000000E+000 ),
   (  3.958198879981789E-007, 3.646963461801552E-003, 8.379828538718642E-002, 3.172402092144344E-001, 5.002344363832404E-001, 7.221603834645748E-001, 8.638941358961075E-001, 9.885616626301486E-001, 9.985321115618094E-001, 1.000000000000000E+000 )  ),
(  (  3.985334274597550E-007, 3.621422258399122E-003, 8.569518487032581E-002, 3.203422664752795E-001, 5.062413625031895E-001, 7.106339124690773E-001, 8.685285350563591E-001, 9.889596621796263E-001, 9.986900209983838E-001, 1.000000000000000E+000 ),
   (  3.985334274597550E-007, 3.677694145948244E-003, 8.604837653327767E-002, 3.207209867599131E-001, 5.062693361241414E-001, 7.221133017611739E-001, 8.685285350563591E-001, 9.889596621796263E-001, 9.986900209983838E-001, 1.000000000000000E+000 )  ),
(  (  4.005422959435578E-007, 3.706950379224974E-003, 8.932634716218961E-002, 3.240018202136482E-001, 5.188958235348486E-001, 7.108271114475736E-001, 8.732280383856831E-001, 9.893580224648413E-001, 9.988479646487873E-001, 1.000000000000000E+000 ),
   (  4.005422959435578E-007, 3.759822588618757E-003, 8.962827854728539E-002, 3.243143800004574E-001, 5.189030207461816E-001, 7.220709138965745E-001, 8.732280383856831E-001, 9.893580224648413E-001, 9.988479646487873E-001, 1.000000000000000E+000 )  ),
(  (  3.913759597286824E-007, 3.804279529551430E-003, 9.508556399882089E-002, 3.277794411966894E-001, 5.340099774337169E-001, 7.117122356372448E-001, 8.779934282465071E-001, 9.897567437660091E-001, 9.988612789413058E-001, 1.000000000000000E+000 ),
   (  3.913759597286824E-007, 3.852058700982129E-003, 9.530840322287018E-002, 3.280237043695344E-001, 5.340065078048851E-001, 7.221704299857030E-001, 8.779934282465071E-001, 9.897567437660091E-001, 9.988612789413058E-001, 1.000000000000000E+000 )  ),
(  (  3.887438297646476E-007, 3.951087821977291E-003, 1.042343055269502E-001, 3.316865596438399E-001, 5.346183175227637E-001, 7.147914992155744E-001, 8.828254948203854E-001, 9.901558263635271E-001, 9.988365131776424E-001, 1.000000000000000E+000 ),
   (  3.887438297646476E-007, 3.992276534940289E-003, 1.043344059602439E-001, 3.318601833333203E-001, 5.346097493121267E-001, 7.231204581523492E-001, 8.828254948203854E-001, 9.901558263635271E-001, 9.988365131776424E-001, 1.000000000000000E+000 )  ),
(  (  3.861734087836359E-007, 4.293381889545869E-003, 1.188313457038837E-001, 3.357274632232858E-001, 5.320434042783145E-001, 7.235238119303388E-001, 8.877250361703922E-001, 9.905552705379742E-001, 9.987498335890498E-001, 1.000000000000000E+000 ),
   (  3.861734087836359E-007, 4.324756025035916E-003, 1.187394809595797E-001, 3.358280269305057E-001, 5.320344369812314E-001, 7.263058086561668E-001, 8.877250361703922E-001, 9.905552705379742E-001, 9.987498335890498E-001, 1.000000000000000E+000 )  ),
(  (  3.840067177323134E-007, 4.947012045635745E-003, 1.422447999728903E-001, 3.399065756552456E-001, 5.243204585997252E-001, 7.456864848948789E-001, 8.926928583038866E-001, 9.909550765701104E-001, 9.985522881808069E-001, 1.000000000000000E+000 ),
   (  3.840067177323134E-007, 4.980427937820091E-003, 1.418502490548416E-001, 3.399315787866304E-001, 5.243232345307507E-001, 7.353483055555318E-001, 8.926928583038866E-001, 9.909550765701104E-001, 9.985522881808069E-001, 1.000000000000000E+000 )  )
 ),
(   //3-------------------------------------------------------------------------
(  (  0.000000000000000E+000, 0.000000000000000E+000, 0.000000000000000E+000, 0.000000000000000E+000, 0.000000000000000E+000, 0.000000000000000E+000, 0.000000000000000E+000, 0.000000000000000E+000, 0.000000000000000E+000, 0.000000000000000E+000 ),
   (  0.000000000000000E+000, 0.000000000000000E+000, 0.000000000000000E+000, 0.000000000000000E+000, 0.000000000000000E+000, 0.000000000000000E+000, 0.000000000000000E+000, 0.000000000000000E+000, 0.000000000000000E+000, 0.000000000000000E+000 )  ),
(  (  0.000000000000000E+000, 0.000000000000000E+000, 0.000000000000000E+000, 0.000000000000000E+000, 0.000000000000000E+000, 0.000000000000000E+000, 0.000000000000000E+000, 0.000000000000000E+000, 0.000000000000000E+000, 0.000000000000000E+000 ),
   (  0.000000000000000E+000, 0.000000000000000E+000, 0.000000000000000E+000, 0.000000000000000E+000, 0.000000000000000E+000, 0.000000000000000E+000, 0.000000000000000E+000, 0.000000000000000E+000, 0.000000000000000E+000, 0.000000000000000E+000 )  ),
(  (  0.000000000000000E+000, 0.000000000000000E+000, 0.000000000000000E+000, 0.000000000000000E+000, 0.000000000000000E+000, 0.000000000000000E+000, 0.000000000000000E+000, 0.000000000000000E+000, 0.000000000000000E+000, 0.000000000000000E+000 ),
   (  0.000000000000000E+000, 8.249613263572141E-004, 8.563459774290434E-002, 2.858087829097695E-001, 4.708369929588140E-001, 7.219329539109105E-001, 8.455532655707912E-001, 9.863920926403579E-001, 9.980992671932383E-001, 1.000000000000000E+000 )  ),
(  (  3.824104618128348E-007, 3.499759435176632E-003, 8.114345003652700E-002, 3.100199647203956E-001, 4.568006470427926E-001, 7.109518853984268E-001, 8.546942001952439E-001, 9.877660256643868E-001, 9.980254799649423E-001, 1.000000000000000E+000 ),
   (  3.824104618128348E-007, 3.582961821026048E-003, 8.157698995148395E-002, 3.105951378695126E-001, 4.568823632011639E-001, 7.220287341756350E-001, 8.546942001952439E-001, 9.877660256643868E-001, 9.981511125083691E-001, 1.000000000000000E+000 )  ),
(  (  3.852008580329329E-007, 3.463546273925627E-003, 8.164562922507869E-002, 3.132556981632443E-001, 4.593054125168446E-001, 7.109763575532438E-001, 8.591379037596760E-001, 9.881629446861363E-001, 9.980353873076575E-001, 1.000000000000000E+000 ),
   (  3.852008580329329E-007, 3.543693536349225E-003, 8.207081242529238E-002, 3.137731000053884E-001, 4.593957063567762E-001, 7.221210642885377E-001, 8.591379037596760E-001, 9.881629446861363E-001, 9.982192394560218E-001, 1.000000000000000E+000 )  ),
(  (  4.121663213379798E-007, 3.795321398911997E-003, 8.261066753846401E-002, 3.165479440467663E-001, 4.737725045071294E-001, 7.116680646166147E-001, 8.636444107022940E-001, 9.885602236040624E-001, 9.981804405247692E-001, 1.000000000000000E+000 ),
   (  4.121663213379798E-007, 3.878808367852503E-003, 8.302457288431236E-002, 3.170042975533072E-001, 4.738870899753111E-001, 7.222900989687445E-001, 8.636444107022940E-001, 9.885602236040624E-001, 9.983609516867750E-001, 1.000000000000000E+000 )  ),
(  (  4.000061074235195E-007, 3.841080150838796E-003, 8.371267481802731E-002, 3.198730600198851E-001, 4.877136091959025E-001, 7.111063132281890E-001, 8.682144802987949E-001, 9.889578626978377E-001, 9.983389308671132E-001, 1.000000000000000E+000 ),
   (  4.000061074235195E-007, 3.922005959455286E-003, 8.410209867631559E-002, 3.202642210194218E-001, 4.878159168937193E-001, 7.222579276282416E-001, 8.682144802987949E-001, 9.889578626978377E-001, 9.985008772774224E-001, 1.000000000000000E+000 )  ),
(  (  3.985334274597550E-007, 3.968006645042712E-003, 8.569518487032581E-002, 3.233341178572938E-001, 5.062413625031895E-001, 7.106339124690773E-001, 8.728488794590464E-001, 9.893558622473153E-001, 9.986900209983838E-001, 1.000000000000000E+000 ),
   (  3.985334274597550E-007, 4.046216889029849E-003, 8.604837653327767E-002, 3.236587964768590E-001, 5.062693361241414E-001, 7.222107958705979E-001, 8.728488794590464E-001, 9.893558622473153E-001, 9.986408331863242E-001, 1.000000000000000E+000 )  ),
(  (  4.033427572673620E-007, 4.043594353356101E-003, 8.932634716218961E-002, 3.269936715956624E-001, 5.133483635666723E-001, 7.108509834956189E-001, 8.775483827883704E-001, 9.897542225325303E-001, 9.987808194191109E-001, 1.000000000000000E+000 ),
   (  4.033427572673620E-007, 4.116920699875424E-003, 8.962827854728539E-002, 3.272521897174033E-001, 5.133617260464026E-001, 7.221683629419434E-001, 8.775483827883704E-001, 9.897542225325303E-001, 9.987808194191109E-001, 1.000000000000000E+000 )  ),
(  (  3.940719763443540E-007, 4.150506437063231E-003, 9.508556399882089E-002, 3.307712925787037E-001, 5.268992451871708E-001, 7.117340073588355E-001, 8.823137726491944E-001, 9.901529438336981E-001, 9.987838123735052E-001, 1.000000000000000E+000 ),
   (  3.940719763443540E-007, 4.217686376745784E-003, 9.530840322287018E-002, 3.309615140864803E-001, 5.269059223071562E-001, 7.222679871873801E-001, 8.823137726491944E-001, 9.901529438336981E-001, 9.987838123735052E-001, 1.000000000000000E+000 )  ),
(  (  3.913759597305491E-007, 4.299263422808087E-003, 1.042343055269502E-001, 3.346784110258542E-001, 5.265698177459187E-001, 7.148096889534091E-001, 8.871458392230728E-001, 9.905520264312161E-001, 9.987512913075608E-001, 1.000000000000000E+000 ),
   (  3.913759597305491E-007, 4.359197753840222E-003, 1.043344059602439E-001, 3.347979930502662E-001, 5.265746905146150E-001, 7.232189207057631E-001, 8.871458392230728E-001, 9.905520264312161E-001, 9.987512913075608E-001, 1.000000000000000E+000 )  ),
(  (  3.887438943428907E-007, 4.685078507661407E-003, 1.188313457038837E-001, 3.387193146053001E-001, 5.232379776456888E-001, 7.235366439294808E-001, 8.920453805730796E-001, 9.909514706056632E-001, 9.986648632468679E-001, 1.000000000000000E+000 ),
   (  3.887438943428907E-007, 4.731341690372453E-003, 1.187394809595797E-001, 3.387658366474516E-001, 5.232456892026391E-001, 7.264075461063791E-001, 8.920453805730796E-001, 9.909514706056632E-001, 9.986648632468679E-001, 1.000000000000000E+000 )  ),
(  (  3.865127244586997E-007, 5.408226675605721E-003, 1.422447999728903E-001, 3.428984270372599E-001, 5.153413160407537E-001, 7.456924615317064E-001, 8.970132027065739E-001, 9.913512766377994E-001, 9.984907932078512E-001, 1.000000000000000E+000 ),
   (  3.865127244586997E-007, 5.445024493690416E-003, 1.418502490548416E-001, 3.428693885035763E-001, 5.153619146909567E-001, 7.354595182554132E-001, 8.970132027065739E-001, 9.913512766377994E-001, 9.984907932078512E-001, 1.000000000000000E+000 )  )
 ),
(   //4-------------------------------------------------------------------------
(  (  0.000000000000000E+000, 0.000000000000000E+000, 0.000000000000000E+000, 0.000000000000000E+000, 0.000000000000000E+000, 0.000000000000000E+000, 0.000000000000000E+000, 0.000000000000000E+000, 0.000000000000000E+000, 0.000000000000000E+000 ),
   (  0.000000000000000E+000, 0.000000000000000E+000, 0.000000000000000E+000, 0.000000000000000E+000, 0.000000000000000E+000, 0.000000000000000E+000, 0.000000000000000E+000, 0.000000000000000E+000, 0.000000000000000E+000, 0.000000000000000E+000 )  ),
(  (  0.000000000000000E+000, 0.000000000000000E+000, 0.000000000000000E+000, 0.000000000000000E+000, 0.000000000000000E+000, 0.000000000000000E+000, 0.000000000000000E+000, 0.000000000000000E+000, 0.000000000000000E+000, 0.000000000000000E+000 ),
   (  0.000000000000000E+000, 0.000000000000000E+000, 0.000000000000000E+000, 0.000000000000000E+000, 0.000000000000000E+000, 0.000000000000000E+000, 0.000000000000000E+000, 0.000000000000000E+000, 0.000000000000000E+000, 0.000000000000000E+000 )  ),
(  (  0.000000000000000E+000, 0.000000000000000E+000, 0.000000000000000E+000, 0.000000000000000E+000, 0.000000000000000E+000, 0.000000000000000E+000, 0.000000000000000E+000, 0.000000000000000E+000, 0.000000000000000E+000, 0.000000000000000E+000 ),
   (  0.000000000000000E+000, 0.000000000000000E+000, 0.000000000000000E+000, 0.000000000000000E+000, 0.000000000000000E+000, 0.000000000000000E+000, 0.000000000000000E+000, 0.000000000000000E+000, 0.000000000000000E+000, 0.000000000000000E+000 )  ),
(  (  0.000000000000000E+000, 0.000000000000000E+000, 0.000000000000000E+000, 0.000000000000000E+000, 0.000000000000000E+000, 0.000000000000000E+000, 0.000000000000000E+000, 0.000000000000000E+000, 0.000000000000000E+000, 0.000000000000000E+000 ),
   (  0.000000000000000E+000, 1.082205429270980E-003, 8.584400170066396E-002, 2.957706990724873E-001, 4.739724832664768E-001, 7.221247181001308E-001, 8.552235529495197E-001, 9.873800842852769E-001, 9.981911990922332E-001, 1.000000000000000E+000 )  ),
(  (  3.894207274499908E-007, 3.479998768320118E-003, 8.195994605591908E-002, 3.163987194141067E-001, 4.645251466360731E-001, 7.114992596540350E-001, 8.635195556483654E-001, 9.885595040912003E-001, 9.981455684807689E-001, 1.000000000000000E+000 ),
   (  3.894207274499908E-007, 3.556117611471383E-003, 8.238751416272498E-002, 3.168621265488811E-001, 4.645849421922689E-001, 7.222172486343400E-001, 8.635195556483654E-001, 9.885595040912003E-001, 9.982483042913054E-001, 1.000000000000000E+000 )  ),
(  (  4.172659924231913E-007, 3.869084634326051E-003, 8.292683764053403E-002, 3.196909842125467E-001, 4.768901605753471E-001, 7.121921896142257E-001, 8.680260625909834E-001, 9.889567830091264E-001, 9.982799509560553E-001, 1.000000000000000E+000 ),
   (  4.172659924231913E-007, 3.953777071136575E-003, 8.334310565138728E-002, 3.200933307327925E-001, 4.769686282572974E-001, 7.223864608861207E-001, 8.680260625909834E-001, 9.889567830091264E-001, 9.983756168159847E-001, 1.000000000000000E+000 )  ),
(  (  4.045118855836188E-007, 3.934750326313845E-003, 8.402867521568924E-002, 3.230158397583973E-001, 4.875913740726283E-001, 7.116227695097634E-001, 8.725961321874842E-001, 9.893544221029017E-001, 9.984108991435401E-001, 1.000000000000000E+000 ),
   (  4.045118855836188E-007, 4.012868874207059E-003, 8.442047191854132E-002, 3.233529729236123E-001, 4.876655202169106E-001, 7.223542553067143E-001, 8.725961321874842E-001, 9.893544221029017E-001, 9.985012576595592E-001, 1.000000000000000E+000 )  ),
(  (  4.028725853194637E-007, 4.045309147725384E-003, 8.601080831968344E-002, 3.264769730255294E-001, 4.993928370326180E-001, 7.111434455138241E-001, 8.772305313477358E-001, 9.897524216523793E-001, 9.985523139256298E-001, 1.000000000000000E+000 ),
   (  4.028725853194637E-007, 4.122606065217401E-003, 8.636652934739265E-002, 3.267476123960866E-001, 4.994531074423963E-001, 7.223070733882857E-001, 8.772305313477358E-001, 9.897524216523793E-001, 9.986269257262530E-001, 1.000000000000000E+000 )  ),
(  (  4.033427572673620E-007, 4.210642164539358E-003, 8.936321529324921E-002, 3.300777465864798E-001, 5.133483635666723E-001, 7.108509834956189E-001, 8.819300346770598E-001, 9.901507819375943E-001, 9.987808194191109E-001, 1.000000000000000E+000 ),
   (  4.033427572673620E-007, 4.284385001297457E-003, 8.966490286483303E-002, 3.302805558678611E-001, 5.133617260464026E-001, 7.222645952996559E-001, 8.819300346770598E-001, 9.901507819375943E-001, 9.987526210211216E-001, 1.000000000000000E+000 )  ),
(  (  3.968342341545139E-007, 4.302453118338532E-003, 9.512243212988049E-002, 3.338553675695211E-001, 5.230268600489636E-001, 7.117557928617808E-001, 8.866954245378837E-001, 9.905495032387621E-001, 9.987520676718857E-001, 1.000000000000000E+000 ),
   (  3.968342341545139E-007, 4.369174553687379E-003, 9.534502754041783E-002, 3.339898802369380E-001, 5.230376872511624E-001, 7.223643279021907E-001, 8.866954245378837E-001, 9.905495032387621E-001, 9.987520676718857E-001, 1.000000000000000E+000 )  ),
(  (  3.940719763461084E-007, 4.449635058048091E-003, 1.042711736580098E-001, 3.377624860166715E-001, 5.223136354321950E-001, 7.148278902015837E-001, 8.915274911117621E-001, 9.909485858362801E-001, 9.987196461978666E-001, 1.000000000000000E+000 ),
   (  3.940719763461084E-007, 4.509086919006630E-003, 1.043710302777916E-001, 3.378263592007240E-001, 5.223238298269188E-001, 7.233161699907027E-001, 8.915274911117621E-001, 9.909485858362801E-001, 9.987196461978666E-001, 1.000000000000000E+000 )  ),
(  (  3.913760222416959E-007, 4.834773496523882E-003, 1.188682138349433E-001, 3.418033895961174E-001, 5.188694996988873E-001, 7.235494840460545E-001, 8.964270324617689E-001, 9.913480300107272E-001, 9.986412798423372E-001, 1.000000000000000E+000 ),
   (  3.913760222416959E-007, 4.880401254057727E-003, 1.187761052771273E-001, 3.417942027979093E-001, 5.188830070822694E-001, 7.265080785327401E-001, 8.964270324617689E-001, 9.913480300107272E-001, 9.986412798423372E-001, 1.000000000000000E+000 )  ),
(  (  3.890781152307350E-007, 5.537516397841636E-003, 1.422816681039499E-001, 3.459825020280772E-001, 5.114607406688292E-001, 7.456984419481164E-001, 9.013948545952633E-001, 9.917478360428634E-001, 9.984931761245649E-001, 1.000000000000000E+000 ),
   (  3.890781152307350E-007, 5.576352817116607E-003, 1.418868733723893E-001, 3.458977546540340E-001, 5.114853006605479E-001, 7.355695473145515E-001, 9.013948545952633E-001, 9.917478360428634E-001, 9.984931761245649E-001, 1.000000000000000E+000 )  )
 ),
(   //5-------------------------------------------------------------------------
(  (  0.000000000000000E+000, 0.000000000000000E+000, 0.000000000000000E+000, 0.000000000000000E+000, 0.000000000000000E+000, 0.000000000000000E+000, 0.000000000000000E+000, 0.000000000000000E+000, 0.000000000000000E+000, 0.000000000000000E+000 ),
   (  0.000000000000000E+000, 0.000000000000000E+000, 0.000000000000000E+000, 0.000000000000000E+000, 0.000000000000000E+000, 0.000000000000000E+000, 0.000000000000000E+000, 0.000000000000000E+000, 0.000000000000000E+000, 0.000000000000000E+000 )  ),
(  (  0.000000000000000E+000, 0.000000000000000E+000, 0.000000000000000E+000, 0.000000000000000E+000, 0.000000000000000E+000, 0.000000000000000E+000, 0.000000000000000E+000, 0.000000000000000E+000, 0.000000000000000E+000, 0.000000000000000E+000 ),
   (  0.000000000000000E+000, 0.000000000000000E+000, 0.000000000000000E+000, 0.000000000000000E+000, 0.000000000000000E+000, 0.000000000000000E+000, 0.000000000000000E+000, 0.000000000000000E+000, 0.000000000000000E+000, 0.000000000000000E+000 )  ),
(  (  0.000000000000000E+000, 0.000000000000000E+000, 0.000000000000000E+000, 0.000000000000000E+000, 0.000000000000000E+000, 0.000000000000000E+000, 0.000000000000000E+000, 0.000000000000000E+000, 0.000000000000000E+000, 0.000000000000000E+000 ),
   (  0.000000000000000E+000, 0.000000000000000E+000, 0.000000000000000E+000, 0.000000000000000E+000, 0.000000000000000E+000, 0.000000000000000E+000, 0.000000000000000E+000, 0.000000000000000E+000, 0.000000000000000E+000, 0.000000000000000E+000 )  ),
(  (  0.000000000000000E+000, 0.000000000000000E+000, 0.000000000000000E+000, 0.000000000000000E+000, 0.000000000000000E+000, 0.000000000000000E+000, 0.000000000000000E+000, 0.000000000000000E+000, 0.000000000000000E+000, 0.000000000000000E+000 ),
   (  0.000000000000000E+000, 0.000000000000000E+000, 0.000000000000000E+000, 0.000000000000000E+000, 0.000000000000000E+000, 0.000000000000000E+000, 0.000000000000000E+000, 0.000000000000000E+000, 0.000000000000000E+000, 0.000000000000000E+000 )  ),
(  (  0.000000000000000E+000, 0.000000000000000E+000, 0.000000000000000E+000, 0.000000000000000E+000, 0.000000000000000E+000, 0.000000000000000E+000, 0.000000000000000E+000, 0.000000000000000E+000, 0.000000000000000E+000, 0.000000000000000E+000 ),
   (  0.000000000000000E+000, 1.260972140252717E-003, 8.630143263630717E-002, 3.060477106621985E-001, 4.792387966501110E-001, 7.223099763375892E-001, 8.650307881168922E-001, 9.883689718824190E-001, 9.982948522266836E-001, 1.000000000000000E+000 )  ),
(  (  4.227813975642623E-007, 3.829240263057027E-003, 8.328941003195775E-002, 3.229023616484974E-001, 4.825095911570818E-001, 7.127028806579082E-001, 8.724697661554154E-001, 9.893537020308759E-001, 9.983907927567192E-001, 1.000000000000000E+000 ),
   (  4.227813975642623E-007, 3.913552244499225E-003, 8.370725430190648E-002, 3.232482419410347E-001, 4.825590910561913E-001, 7.224793666230118E-001, 8.724697661554154E-001, 9.893537020308759E-001, 9.984104695868354E-001, 1.000000000000000E+000 )  ),
(  (  4.093752651849960E-007, 3.906336134493298E-003, 8.439361489347173E-002, 3.262269617976324E-001, 4.918246966160251E-001, 7.121257736596566E-001, 8.770398357519164E-001, 9.897513411246511E-001, 9.985141599218176E-001, 1.000000000000000E+000 ),
   (  4.093752651849960E-007, 3.982942951256012E-003, 8.478688096262428E-002, 3.265076079476780E-001, 4.918683178504371E-001, 7.224471267317457E-001, 8.770398357519164E-001, 9.897513411246511E-001, 9.985244721206893E-001, 1.000000000000000E+000 )  ),
(  (  4.075472450755417E-007, 4.055430664981050E-003, 8.637833301657298E-002, 3.296881795551728E-001, 5.013729891696401E-001, 7.116395192637217E-001, 8.816742349121679E-001, 9.901493406741289E-001, 9.986373586307181E-001, 1.000000000000000E+000 ),
   (  4.075472450755417E-007, 4.127509577633905E-003, 8.673554607228567E-002, 3.299023206711901E-001, 5.014083321361035E-001, 7.223998945456491E-001, 8.816742349121679E-001, 9.901493406741289E-001, 9.986384993559420E-001, 1.000000000000000E+000 )  ),
(  (  4.079176833090119E-007, 4.207196467474340E-003, 8.973347185426366E-002, 3.332893774287683E-001, 5.111745702761172E-001, 7.113415615933412E-001, 8.863737382414919E-001, 9.905477009593439E-001, 9.987600049030424E-001, 1.000000000000000E+000 ),
   (  4.079176833090119E-007, 4.277706134869926E-003, 9.003688422195234E-002, 3.334356867451335E-001, 5.111972542711325E-001, 7.223573712008172E-001, 8.863737382414919E-001, 9.905477009593439E-001, 9.987525512971808E-001, 1.000000000000000E+000 )  ),
(  (  3.968342341545139E-007, 4.393972530139493E-003, 9.524373484919499E-002, 3.370340255118435E-001, 5.230268600489636E-001, 7.117557928617808E-001, 8.911391281023159E-001, 9.909464222605117E-001, 9.987520676718857E-001, 1.000000000000000E+000 ),
   (  3.968342341545139E-007, 4.458827115621787E-003, 9.546551870766906E-002, 3.371111194656032E-001, 5.230376872511624E-001, 7.224572123076478E-001, 8.911391281023159E-001, 9.909464222605117E-001, 9.987520473203649E-001, 1.000000000000000E+000 )  ),
(  (  3.968342341561532E-007, 4.524362388296404E-003, 1.043924763773243E-001, 3.409411439589939E-001, 5.208027732108725E-001, 7.148461029710270E-001, 8.959711946761942E-001, 9.913455048580296E-001, 9.987233096948984E-001, 1.000000000000000E+000 ),
   (  3.968342341561532E-007, 4.580931243649941E-003, 1.044915214450428E-001, 3.409475984293890E-001, 5.208138459710858E-001, 7.234099685787841E-001, 8.959711946761942E-001, 9.913455048580296E-001, 9.987233096948984E-001, 1.000000000000000E+000 )  ),
(  (  3.940720367399867E-007, 4.903312920092205E-003, 1.189895165542578E-001, 3.449820475384398E-001, 5.175680627591701E-001, 7.235623322877649E-001, 9.008707360262010E-001, 9.917449490324768E-001, 9.986554661192897E-001, 1.000000000000000E+000 ),
   (  3.940720367399867E-007, 4.946064315945932E-003, 1.188965964443786E-001, 3.449154420265744E-001, 5.175818973479795E-001, 7.266051709119098E-001, 9.008707360262010E-001, 9.917449490324768E-001, 9.986554661192897E-001, 1.000000000000000E+000 )  ),
(  (  3.917050261651693E-007, 5.581463202481542E-003, 1.424029708232644E-001, 3.491611599703995E-001, 5.109012644342851E-001, 7.457044261476956E-001, 9.058385581596954E-001, 9.921447550646130E-001, 9.985312445412092E-001, 1.000000000000000E+000 ),
   (  3.917050261651693E-007, 5.618930045625472E-003, 1.420073645396405E-001, 3.490189938826991E-001, 5.109237073796097E-001, 7.356761601514018E-001, 9.058385581596954E-001, 9.921447550646130E-001, 9.985312445412092E-001, 1.000000000000000E+000 )  )
 ),
(   //6-------------------------------------------------------------------------
(  (  0.000000000000000E+000, 0.000000000000000E+000, 0.000000000000000E+000, 0.000000000000000E+000, 0.000000000000000E+000, 0.000000000000000E+000, 0.000000000000000E+000, 0.000000000000000E+000, 0.000000000000000E+000, 0.000000000000000E+000 ),
   (  0.000000000000000E+000, 0.000000000000000E+000, 0.000000000000000E+000, 0.000000000000000E+000, 0.000000000000000E+000, 0.000000000000000E+000, 0.000000000000000E+000, 0.000000000000000E+000, 0.000000000000000E+000, 0.000000000000000E+000 )  ),
(  (  0.000000000000000E+000, 0.000000000000000E+000, 0.000000000000000E+000, 0.000000000000000E+000, 0.000000000000000E+000, 0.000000000000000E+000, 0.000000000000000E+000, 0.000000000000000E+000, 0.000000000000000E+000, 0.000000000000000E+000 ),
   (  0.000000000000000E+000, 0.000000000000000E+000, 0.000000000000000E+000, 0.000000000000000E+000, 0.000000000000000E+000, 0.000000000000000E+000, 0.000000000000000E+000, 0.000000000000000E+000, 0.000000000000000E+000, 0.000000000000000E+000 )  ),
(  (  0.000000000000000E+000, 0.000000000000000E+000, 0.000000000000000E+000, 0.000000000000000E+000, 0.000000000000000E+000, 0.000000000000000E+000, 0.000000000000000E+000, 0.000000000000000E+000, 0.000000000000000E+000, 0.000000000000000E+000 ),
   (  0.000000000000000E+000, 0.000000000000000E+000, 0.000000000000000E+000, 0.000000000000000E+000, 0.000000000000000E+000, 0.000000000000000E+000, 0.000000000000000E+000, 0.000000000000000E+000, 0.000000000000000E+000, 0.000000000000000E+000 )  ),
(  (  0.000000000000000E+000, 0.000000000000000E+000, 0.000000000000000E+000, 0.000000000000000E+000, 0.000000000000000E+000, 0.000000000000000E+000, 0.000000000000000E+000, 0.000000000000000E+000, 0.000000000000000E+000, 0.000000000000000E+000 ),
   (  0.000000000000000E+000, 0.000000000000000E+000, 0.000000000000000E+000, 0.000000000000000E+000, 0.000000000000000E+000, 0.000000000000000E+000, 0.000000000000000E+000, 0.000000000000000E+000, 0.000000000000000E+000, 0.000000000000000E+000 )  ),
(  (  0.000000000000000E+000, 0.000000000000000E+000, 0.000000000000000E+000, 0.000000000000000E+000, 0.000000000000000E+000, 0.000000000000000E+000, 0.000000000000000E+000, 0.000000000000000E+000, 0.000000000000000E+000, 0.000000000000000E+000 ),
   (  0.000000000000000E+000, 0.000000000000000E+000, 0.000000000000000E+000, 0.000000000000000E+000, 0.000000000000000E+000, 0.000000000000000E+000, 0.000000000000000E+000, 0.000000000000000E+000, 0.000000000000000E+000, 0.000000000000000E+000 )  ),
(  (  0.000000000000000E+000, 0.000000000000000E+000, 0.000000000000000E+000, 0.000000000000000E+000, 0.000000000000000E+000, 0.000000000000000E+000, 0.000000000000000E+000, 0.000000000000000E+000, 0.000000000000000E+000, 0.000000000000000E+000 ),
   (  0.000000000000000E+000, 1.398599507175619E-003, 8.722317873949219E-002, 3.166691843973483E-001, 4.956567709147778E-001, 7.226487487055150E-001, 8.749766300770540E-001, 9.893587561281112E-001, 9.985265747839500E-001, 1.000000000000000E+000 )  ),
(  (  4.216356501250388E-007, 3.951948820579945E-003, 8.485801920835827E-002, 3.295144286971044E-001, 5.012176370385600E-001, 7.126184661823664E-001, 8.815463426945341E-001, 9.901486200425772E-001, 9.986361279084198E-001, 1.000000000000000E+000 ),
   (  4.216356501250388E-007, 4.035095412114643E-003, 8.525135467457239E-002, 3.297359291528850E-001, 5.012578213177494E-001, 7.226165095948757E-001, 8.815463426945341E-001, 9.901486200425772E-001, 9.986408178294786E-001, 1.000000000000000E+000 )  ),
(  (  4.194407275607414E-007, 4.157131269010024E-003, 8.684884335014949E-002, 3.329757326811561E-001, 5.107957739087425E-001, 7.121254152175430E-001, 8.861807418547857E-001, 9.905466195920549E-001, 9.987590080541058E-001, 1.000000000000000E+000 ),
   (  4.194407275607414E-007, 4.233741268982231E-003, 8.720598027661958E-002, 3.331307168278104E-001, 5.108294838655421E-001, 7.225692785524156E-001, 8.861807418547857E-001, 9.905466195920549E-001, 9.987550856285187E-001, 1.000000000000000E+000 )  ),
(  (  4.195139912935670E-007, 4.353086978431651E-003, 9.021089253694786E-002, 3.365773607220693E-001, 5.205885651657981E-001, 7.118220523348793E-001, 8.908802451841097E-001, 9.909449798772699E-001, 9.988813010220280E-001, 1.000000000000000E+000 ),
   (  4.195139912935670E-007, 4.423350639260620E-003, 9.051426749924352E-002, 3.366645114399683E-001, 5.206133453070225E-001, 7.225267562372045E-001, 8.908802451841097E-001, 9.909449798772699E-001, 9.988693781856672E-001, 1.000000000000000E+000 )  ),
(  (  4.079176833092914E-007, 4.532454222701574E-003, 9.572908682503253E-002, 3.403227830523232E-001, 5.318245233537470E-001, 7.122358301229996E-001, 8.956456350449337E-001, 9.913437011784377E-001, 9.989691474554651E-001, 1.000000000000000E+000 ),
   (  4.079176833092914E-007, 4.598488964330532E-003, 9.595117220031620E-002, 3.403407264107591E-001, 5.318467230999070E-001, 7.226265990279486E-001, 8.956456350449337E-001, 9.913437011784377E-001, 9.988808274160992E-001, 1.000000000000000E+000 )  ),
(  (  4.033427572689775E-007, 4.758668870540488E-003, 1.046686572182792E-001, 3.442235442613723E-001, 5.316959317214384E-001, 7.148735839434259E-001, 9.004777016188120E-001, 9.917427837759557E-001, 9.988496491848585E-001, 1.000000000000000E+000 ),
   (  4.033427572689775E-007, 4.817095423320022E-003, 1.047658334376119E-001, 3.441707046056814E-001, 5.317070187126522E-001, 7.235791519811842E-001, 9.004777016188120E-001, 9.917427837759557E-001, 9.988666949372308E-001, 1.000000000000000E+000 )  ),
(  (  4.033428146476881E-007, 5.116399094024838E-003, 1.192656973952127E-001, 3.482644478408182E-001, 5.291106420721837E-001, 7.235998450332304E-001, 9.053772429688188E-001, 9.921422279504029E-001, 9.988171002127536E-001, 1.000000000000000E+000 ),
   (  4.033428146476881E-007, 5.159841269672756E-003, 1.191709084369477E-001, 3.481385482028667E-001, 5.291220496942767E-001, 7.267740972463407E-001, 9.053772429688188E-001, 9.921422279504029E-001, 9.988171002127536E-001, 1.000000000000000E+000 )  ),
(  (  4.008613699639099E-007, 5.734170040124992E-003, 1.426791516642193E-001, 3.524435602727780E-001, 5.237661697515432E-001, 7.457279023440702E-001, 9.103450651023132E-001, 9.925420339825390E-001, 9.987163272203590E-001, 1.000000000000000E+000 ),
   (  4.008613699639099E-007, 5.774223749888949E-003, 1.422816765322096E-001, 3.522421000589914E-001, 5.237831138472256E-001, 7.358446881428540E-001, 9.103450651023132E-001, 9.925420339825390E-001, 9.987163272203590E-001, 1.000000000000000E+000 )  )
 ),
(   //7-------------------------------------------------------------------------
(  (  0.000000000000000E+000, 0.000000000000000E+000, 0.000000000000000E+000, 0.000000000000000E+000, 0.000000000000000E+000, 0.000000000000000E+000, 0.000000000000000E+000, 0.000000000000000E+000, 0.000000000000000E+000, 0.000000000000000E+000 ),
   (  0.000000000000000E+000, 0.000000000000000E+000, 0.000000000000000E+000, 0.000000000000000E+000, 0.000000000000000E+000, 0.000000000000000E+000, 0.000000000000000E+000, 0.000000000000000E+000, 0.000000000000000E+000, 0.000000000000000E+000 )  ),
(  (  0.000000000000000E+000, 0.000000000000000E+000, 0.000000000000000E+000, 0.000000000000000E+000, 0.000000000000000E+000, 0.000000000000000E+000, 0.000000000000000E+000, 0.000000000000000E+000, 0.000000000000000E+000, 0.000000000000000E+000 ),
   (  0.000000000000000E+000, 0.000000000000000E+000, 0.000000000000000E+000, 0.000000000000000E+000, 0.000000000000000E+000, 0.000000000000000E+000, 0.000000000000000E+000, 0.000000000000000E+000, 0.000000000000000E+000, 0.000000000000000E+000 )  ),
(  (  0.000000000000000E+000, 0.000000000000000E+000, 0.000000000000000E+000, 0.000000000000000E+000, 0.000000000000000E+000, 0.000000000000000E+000, 0.000000000000000E+000, 0.000000000000000E+000, 0.000000000000000E+000, 0.000000000000000E+000 ),
   (  0.000000000000000E+000, 0.000000000000000E+000, 0.000000000000000E+000, 0.000000000000000E+000, 0.000000000000000E+000, 0.000000000000000E+000, 0.000000000000000E+000, 0.000000000000000E+000, 0.000000000000000E+000, 0.000000000000000E+000 )  ),
(  (  0.000000000000000E+000, 0.000000000000000E+000, 0.000000000000000E+000, 0.000000000000000E+000, 0.000000000000000E+000, 0.000000000000000E+000, 0.000000000000000E+000, 0.000000000000000E+000, 0.000000000000000E+000, 0.000000000000000E+000 ),
   (  0.000000000000000E+000, 0.000000000000000E+000, 0.000000000000000E+000, 0.000000000000000E+000, 0.000000000000000E+000, 0.000000000000000E+000, 0.000000000000000E+000, 0.000000000000000E+000, 0.000000000000000E+000, 0.000000000000000E+000 )  ),
(  (  0.000000000000000E+000, 0.000000000000000E+000, 0.000000000000000E+000, 0.000000000000000E+000, 0.000000000000000E+000, 0.000000000000000E+000, 0.000000000000000E+000, 0.000000000000000E+000, 0.000000000000000E+000, 0.000000000000000E+000 ),
   (  0.000000000000000E+000, 0.000000000000000E+000, 0.000000000000000E+000, 0.000000000000000E+000, 0.000000000000000E+000, 0.000000000000000E+000, 0.000000000000000E+000, 0.000000000000000E+000, 0.000000000000000E+000, 0.000000000000000E+000 )  ),
(  (  0.000000000000000E+000, 0.000000000000000E+000, 0.000000000000000E+000, 0.000000000000000E+000, 0.000000000000000E+000, 0.000000000000000E+000, 0.000000000000000E+000, 0.000000000000000E+000, 0.000000000000000E+000, 0.000000000000000E+000 ),
   (  0.000000000000000E+000, 0.000000000000000E+000, 0.000000000000000E+000, 0.000000000000000E+000, 0.000000000000000E+000, 0.000000000000000E+000, 0.000000000000000E+000, 0.000000000000000E+000, 0.000000000000000E+000, 0.000000000000000E+000 )  ),
(  (  0.000000000000000E+000, 0.000000000000000E+000, 0.000000000000000E+000, 0.000000000000000E+000, 0.000000000000000E+000, 0.000000000000000E+000, 0.000000000000000E+000, 0.000000000000000E+000, 0.000000000000000E+000, 0.000000000000000E+000 ),
   (  0.000000000000000E+000, 1.466099204773448E-003, 8.885273927893474E-002, 3.276471817316803E-001, 5.113088324531865E-001, 7.225842704842366E-001, 8.850627545482912E-001, 9.903494377191321E-001, 9.987550608750073E-001, 1.000000000000000E+000 )  ),
(  (  4.193495937838348E-007, 4.067494018017950E-003, 8.750318546824391E-002, 3.363414887946013E-001, 5.202295932263862E-001, 7.124693462682262E-001, 8.907508114512865E-001, 9.909442586858301E-001, 9.988813086003934E-001, 1.000000000000000E+000 ),
   (  4.193495937838348E-007, 4.147523977623028E-003, 8.785788377148221E-002, 3.364345655300285E-001, 5.202541701354656E-001, 7.225370394417765E-001, 8.907508114512865E-001, 9.909442586858301E-001, 9.988693286740474E-001, 1.000000000000000E+000 )  ),
(  (  4.194271951818249E-007, 4.324626441195887E-003, 9.087701916310671E-002, 3.399435552823419E-001, 5.299603416762289E-001, 7.121626597335914E-001, 8.954503147806105E-001, 9.913426189710451E-001, 9.990036037620530E-001, 1.000000000000000E+000 ),
   (  4.194271951818249E-007, 4.395449630185270E-003, 9.117775375699441E-002, 3.399687971320694E-001, 5.299763010784826E-001, 7.224945171265654E-001, 8.954503147806105E-001, 9.913426189710451E-001, 9.989836212311959E-001, 1.000000000000000E+000 )  ),
(  (  4.075340265922990E-007, 4.553217771339143E-003, 9.640903800664802E-002, 3.436897642300085E-001, 5.407427643973206E-001, 7.125794208127106E-001, 9.002157046414345E-001, 9.917413402722129E-001, 9.991081213924140E-001, 1.000000000000000E+000 ),
   (  4.075340265922990E-007, 4.614916726419525E-003, 9.662854157478364E-002, 3.436458070113966E-001, 5.407566332538692E-001, 7.225943591366825E-001, 9.002157046414345E-001, 9.917413402722129E-001, 9.990067604476820E-001, 1.000000000000000E+000 )  ),
(  (  4.028598588409750E-007, 4.771946982782598E-003, 1.053652800022897E-001, 3.475916733302928E-001, 5.438715366621274E-001, 7.152374742271043E-001, 9.050477712153129E-001, 9.921404228697309E-001, 9.991832112907310E-001, 1.000000000000000E+000 ),
   (  4.028598588409750E-007, 4.827427652299925E-003, 1.054603624521512E-001, 3.474769514841307E-001, 5.438541931091186E-001, 7.235469464017779E-001, 9.050477712153129E-001, 9.921404228697309E-001, 9.990069830294085E-001, 1.000000000000000E+000 )  ),
(  (  3.985212143655735E-007, 5.223237262796693E-003, 1.198060819115532E-001, 3.516536707362235E-001, 5.385869762476849E-001, 7.235861179682755E-001, 9.099473125653197E-001, 9.925398670441781E-001, 9.989354056225536E-001, 1.000000000000000E+000 ),
   (  3.985212143655735E-007, 5.264770448866064E-003, 1.197075953774504E-001, 3.514665458272174E-001, 5.385836862441337E-001, 7.267419259058377E-001, 9.099473125653197E-001, 9.925398670441781E-001, 9.989754370653283E-001, 1.000000000000000E+000 )  ),
(  (  3.988432963042509E-007, 5.800685323615285E-003, 1.432195361805598E-001, 3.558327831681833E-001, 5.355822641296887E-001, 7.457273654248506E-001, 9.149151346988140E-001, 9.929396730763143E-001, 9.988980426686160E-001, 1.000000000000000E+000 ),
   (  3.988432963042509E-007, 5.840102427562357E-003, 1.428183634727123E-001, 3.555700976833421E-001, 5.355798112119728E-001, 7.358125509685305E-001, 9.149151346988140E-001, 9.929396730763143E-001, 9.988980426686160E-001, 1.000000000000000E+000 )  )
 ),
(   //8-------------------------------------------------------------------------
(  (  0.000000000000000E+000, 0.000000000000000E+000, 0.000000000000000E+000, 0.000000000000000E+000, 0.000000000000000E+000, 0.000000000000000E+000, 0.000000000000000E+000, 0.000000000000000E+000, 0.000000000000000E+000, 0.000000000000000E+000 ),
   (  0.000000000000000E+000, 0.000000000000000E+000, 0.000000000000000E+000, 0.000000000000000E+000, 0.000000000000000E+000, 0.000000000000000E+000, 0.000000000000000E+000, 0.000000000000000E+000, 0.000000000000000E+000, 0.000000000000000E+000 )  ),
(  (  0.000000000000000E+000, 0.000000000000000E+000, 0.000000000000000E+000, 0.000000000000000E+000, 0.000000000000000E+000, 0.000000000000000E+000, 0.000000000000000E+000, 0.000000000000000E+000, 0.000000000000000E+000, 0.000000000000000E+000 ),
   (  0.000000000000000E+000, 0.000000000000000E+000, 0.000000000000000E+000, 0.000000000000000E+000, 0.000000000000000E+000, 0.000000000000000E+000, 0.000000000000000E+000, 0.000000000000000E+000, 0.000000000000000E+000, 0.000000000000000E+000 )  ),
(  (  0.000000000000000E+000, 0.000000000000000E+000, 0.000000000000000E+000, 0.000000000000000E+000, 0.000000000000000E+000, 0.000000000000000E+000, 0.000000000000000E+000, 0.000000000000000E+000, 0.000000000000000E+000, 0.000000000000000E+000 ),
   (  0.000000000000000E+000, 0.000000000000000E+000, 0.000000000000000E+000, 0.000000000000000E+000, 0.000000000000000E+000, 0.000000000000000E+000, 0.000000000000000E+000, 0.000000000000000E+000, 0.000000000000000E+000, 0.000000000000000E+000 )  ),
(  (  0.000000000000000E+000, 0.000000000000000E+000, 0.000000000000000E+000, 0.000000000000000E+000, 0.000000000000000E+000, 0.000000000000000E+000, 0.000000000000000E+000, 0.000000000000000E+000, 0.000000000000000E+000, 0.000000000000000E+000 ),
   (  0.000000000000000E+000, 0.000000000000000E+000, 0.000000000000000E+000, 0.000000000000000E+000, 0.000000000000000E+000, 0.000000000000000E+000, 0.000000000000000E+000, 0.000000000000000E+000, 0.000000000000000E+000, 0.000000000000000E+000 )  ),
(  (  0.000000000000000E+000, 0.000000000000000E+000, 0.000000000000000E+000, 0.000000000000000E+000, 0.000000000000000E+000, 0.000000000000000E+000, 0.000000000000000E+000, 0.000000000000000E+000, 0.000000000000000E+000, 0.000000000000000E+000 ),
   (  0.000000000000000E+000, 0.000000000000000E+000, 0.000000000000000E+000, 0.000000000000000E+000, 0.000000000000000E+000, 0.000000000000000E+000, 0.000000000000000E+000, 0.000000000000000E+000, 0.000000000000000E+000, 0.000000000000000E+000 )  ),
(  (  0.000000000000000E+000, 0.000000000000000E+000, 0.000000000000000E+000, 0.000000000000000E+000, 0.000000000000000E+000, 0.000000000000000E+000, 0.000000000000000E+000, 0.000000000000000E+000, 0.000000000000000E+000, 0.000000000000000E+000 ),
   (  0.000000000000000E+000, 0.000000000000000E+000, 0.000000000000000E+000, 0.000000000000000E+000, 0.000000000000000E+000, 0.000000000000000E+000, 0.000000000000000E+000, 0.000000000000000E+000, 0.000000000000000E+000, 0.000000000000000E+000 )  ),
(  (  0.000000000000000E+000, 0.000000000000000E+000, 0.000000000000000E+000, 0.000000000000000E+000, 0.000000000000000E+000, 0.000000000000000E+000, 0.000000000000000E+000, 0.000000000000000E+000, 0.000000000000000E+000, 0.000000000000000E+000 ),
   (  0.000000000000000E+000, 0.000000000000000E+000, 0.000000000000000E+000, 0.000000000000000E+000, 0.000000000000000E+000, 0.000000000000000E+000, 0.000000000000000E+000, 0.000000000000000E+000, 0.000000000000000E+000, 0.000000000000000E+000 )  ),
(  (  0.000000000000000E+000, 0.000000000000000E+000, 0.000000000000000E+000, 0.000000000000000E+000, 0.000000000000000E+000, 0.000000000000000E+000, 0.000000000000000E+000, 0.000000000000000E+000, 0.000000000000000E+000, 0.000000000000000E+000 ),
   (  0.000000000000000E+000, 1.519415423647115E-003, 9.185514193425902E-002, 3.389926328028665E-001, 5.275080028156068E-001, 7.224898083993165E-001, 8.952908540974718E-001, 9.913410173527105E-001, 9.989835964730875E-001, 1.000000000000000E+000 )  ),
(  (  4.216391168741084E-007, 4.259154423289776E-003, 9.186522377598130E-002, 3.433898396577704E-001, 5.399042805048533E-001, 7.123400516423588E-001, 9.000847139408621E-001, 9.917406185205228E-001, 9.991265424158324E-001, 1.000000000000000E+000 ),
   (  4.216391168741084E-007, 4.335386777300156E-003, 9.215941125642736E-002, 3.433503273097087E-001, 5.399127018265677E-001, 7.224472860841055E-001, 9.000847139408621E-001, 9.917406185205228E-001, 9.990978890302360E-001, 1.000000000000000E+000 )  ),
(  (  4.093786493927153E-007, 4.559078085102614E-003, 9.741782543291495E-002, 3.471368503626918E-001, 5.504839442589987E-001, 7.127609076949493E-001, 9.048501038016861E-001, 9.921393398216906E-001, 9.992381430452383E-001, 1.000000000000000E+000 ),
   (  4.093786493927153E-007, 4.622704392437268E-003, 9.763049559004927E-002, 3.470281476279885E-001, 5.504893119866642E-001, 7.225471269505859E-001, 9.048501038016861E-001, 9.921393398216906E-001, 9.991327207656936E-001, 1.000000000000000E+000 )  ),
(  (  4.045151406249438E-007, 4.821311790596487E-003, 1.063990810199619E-001, 3.510399267106622E-001, 5.556672805330919E-001, 7.154405952694929E-001, 9.096821703755644E-001, 9.925384224192085E-001, 9.993390549634693E-001, 1.000000000000000E+000 ),
   (  4.045151406249438E-007, 4.874267456077730E-003, 1.064874115579380E-001, 3.508604782443816E-001, 5.556385931700824E-001, 7.234997644833491E-001, 9.096821703755644E-001, 9.925384224192085E-001, 9.991473015183852E-001, 1.000000000000000E+000 )  ),
(  (  4.000093037803188E-007, 5.277670082822579E-003, 1.208713066226117E-001, 3.551034581713168E-001, 5.566273509802688E-001, 7.238531169777921E-001, 9.145817117255712E-001, 9.929378665936557E-001, 9.994037166571144E-001, 1.000000000000000E+000 ),
   (  4.000093037803188E-007, 5.317261690557648E-003, 1.207667672978452E-001, 3.548516357690375E-001, 5.565627893248658E-001, 7.266947941481940E-001, 9.145817117255712E-001, 9.929378665936557E-001, 9.991338082254014E-001, 1.000000000000000E+000 )  ),
(  (  3.961382188455590E-007, 5.914339071930029E-003, 1.441988543871478E-001, 3.593319915818417E-001, 5.447216683755969E-001, 7.457213740150096E-001, 9.195495338590656E-001, 9.933376726257919E-001, 9.990080484908727E-001, 1.000000000000000E+000 ),
   (  3.961382188455590E-007, 5.954807247499683E-003, 1.437909072291375E-001, 3.590060924506885E-001, 5.447009359271628E-001, 7.357654692651296E-001, 9.195495338590656E-001, 9.933376726257919E-001, 9.990797974899079E-001, 1.000000000000000E+000 )  )
 ),
(   //9-------------------------------------------------------------------------
(  (  0.000000000000000E+000, 0.000000000000000E+000, 0.000000000000000E+000, 0.000000000000000E+000, 0.000000000000000E+000, 0.000000000000000E+000, 0.000000000000000E+000, 0.000000000000000E+000, 0.000000000000000E+000, 0.000000000000000E+000 ),
   (  0.000000000000000E+000, 0.000000000000000E+000, 0.000000000000000E+000, 0.000000000000000E+000, 0.000000000000000E+000, 0.000000000000000E+000, 0.000000000000000E+000, 0.000000000000000E+000, 0.000000000000000E+000, 0.000000000000000E+000 )  ),
(  (  0.000000000000000E+000, 0.000000000000000E+000, 0.000000000000000E+000, 0.000000000000000E+000, 0.000000000000000E+000, 0.000000000000000E+000, 0.000000000000000E+000, 0.000000000000000E+000, 0.000000000000000E+000, 0.000000000000000E+000 ),
   (  0.000000000000000E+000, 0.000000000000000E+000, 0.000000000000000E+000, 0.000000000000000E+000, 0.000000000000000E+000, 0.000000000000000E+000, 0.000000000000000E+000, 0.000000000000000E+000, 0.000000000000000E+000, 0.000000000000000E+000 )  ),
(  (  0.000000000000000E+000, 0.000000000000000E+000, 0.000000000000000E+000, 0.000000000000000E+000, 0.000000000000000E+000, 0.000000000000000E+000, 0.000000000000000E+000, 0.000000000000000E+000, 0.000000000000000E+000, 0.000000000000000E+000 ),
   (  0.000000000000000E+000, 0.000000000000000E+000, 0.000000000000000E+000, 0.000000000000000E+000, 0.000000000000000E+000, 0.000000000000000E+000, 0.000000000000000E+000, 0.000000000000000E+000, 0.000000000000000E+000, 0.000000000000000E+000 )  ),
(  (  0.000000000000000E+000, 0.000000000000000E+000, 0.000000000000000E+000, 0.000000000000000E+000, 0.000000000000000E+000, 0.000000000000000E+000, 0.000000000000000E+000, 0.000000000000000E+000, 0.000000000000000E+000, 0.000000000000000E+000 ),
   (  0.000000000000000E+000, 0.000000000000000E+000, 0.000000000000000E+000, 0.000000000000000E+000, 0.000000000000000E+000, 0.000000000000000E+000, 0.000000000000000E+000, 0.000000000000000E+000, 0.000000000000000E+000, 0.000000000000000E+000 )  ),
(  (  0.000000000000000E+000, 0.000000000000000E+000, 0.000000000000000E+000, 0.000000000000000E+000, 0.000000000000000E+000, 0.000000000000000E+000, 0.000000000000000E+000, 0.000000000000000E+000, 0.000000000000000E+000, 0.000000000000000E+000 ),
   (  0.000000000000000E+000, 0.000000000000000E+000, 0.000000000000000E+000, 0.000000000000000E+000, 0.000000000000000E+000, 0.000000000000000E+000, 0.000000000000000E+000, 0.000000000000000E+000, 0.000000000000000E+000, 0.000000000000000E+000 )  ),
(  (  0.000000000000000E+000, 0.000000000000000E+000, 0.000000000000000E+000, 0.000000000000000E+000, 0.000000000000000E+000, 0.000000000000000E+000, 0.000000000000000E+000, 0.000000000000000E+000, 0.000000000000000E+000, 0.000000000000000E+000 ),
   (  0.000000000000000E+000, 0.000000000000000E+000, 0.000000000000000E+000, 0.000000000000000E+000, 0.000000000000000E+000, 0.000000000000000E+000, 0.000000000000000E+000, 0.000000000000000E+000, 0.000000000000000E+000, 0.000000000000000E+000 )  ),
(  (  0.000000000000000E+000, 0.000000000000000E+000, 0.000000000000000E+000, 0.000000000000000E+000, 0.000000000000000E+000, 0.000000000000000E+000, 0.000000000000000E+000, 0.000000000000000E+000, 0.000000000000000E+000, 0.000000000000000E+000 ),
   (  0.000000000000000E+000, 0.000000000000000E+000, 0.000000000000000E+000, 0.000000000000000E+000, 0.000000000000000E+000, 0.000000000000000E+000, 0.000000000000000E+000, 0.000000000000000E+000, 0.000000000000000E+000, 0.000000000000000E+000 )  ),
(  (  0.000000000000000E+000, 0.000000000000000E+000, 0.000000000000000E+000, 0.000000000000000E+000, 0.000000000000000E+000, 0.000000000000000E+000, 0.000000000000000E+000, 0.000000000000000E+000, 0.000000000000000E+000, 0.000000000000000E+000 ),
   (  0.000000000000000E+000, 0.000000000000000E+000, 0.000000000000000E+000, 0.000000000000000E+000, 0.000000000000000E+000, 0.000000000000000E+000, 0.000000000000000E+000, 0.000000000000000E+000, 0.000000000000000E+000, 0.000000000000000E+000 )  ),
(  (  0.000000000000000E+000, 0.000000000000000E+000, 0.000000000000000E+000, 0.000000000000000E+000, 0.000000000000000E+000, 0.000000000000000E+000, 0.000000000000000E+000, 0.000000000000000E+000, 0.000000000000000E+000, 0.000000000000000E+000 ),
   (  0.000000000000000E+000, 1.571936872759289E-003, 9.714287645206933E-002, 3.507167720919055E-001, 5.442705934837331E-001, 7.224047637688944E-001, 9.056626382752987E-001, 9.923334957265278E-001, 9.992121815873847E-001, 1.000000000000000E+000 )  ),
(  (  4.227500234868524E-007, 4.537805639940575E-003, 9.897922344888105E-002, 3.506659410351116E-001, 5.607997654760021E-001, 7.126479886714179E-001, 9.095496071310101E-001, 9.925377001069055E-001, 9.993653172809933E-001, 1.000000000000000E+000 ),
   (  4.227500234868524E-007, 4.608481899984097E-003, 9.917863751617813E-002, 3.504895493214485E-001, 5.607977847186715E-001, 7.225046036057540E-001, 9.095496071310101E-001, 9.925377001069055E-001, 9.992587083752017E-001, 1.000000000000000E+000 )  ),
(  (  4.172358470975818E-007, 4.884458568757999E-003, 1.079948977374928E-001, 3.545702071256225E-001, 5.674287464391425E-001, 7.153517503688046E-001, 9.143816737048884E-001, 9.929367827044234E-001, 9.994758014692718E-001, 1.000000000000000E+000 ),
   (  4.172358470975818E-007, 4.941716583844426E-003, 1.080695555165419E-001, 3.543230892009353E-001, 5.673947734185333E-001, 7.234572863947195E-001, 9.143816737048884E-001, 9.929367827044234E-001, 9.992876504098059E-001, 1.000000000000000E+000 )  ),
(  (  4.121373776382196E-007, 5.404941106450137E-003, 1.225104279581271E-001, 3.586352993302714E-001, 5.716929379204940E-001, 7.238311372646418E-001, 9.192812150548952E-001, 9.933362268788706E-001, 9.995743485869152E-001, 1.000000000000000E+000 ),
   (  4.121373776382196E-007, 5.444941720315300E-003, 1.223923209246208E-001, 3.583158373386290E-001, 5.716169700483593E-001, 7.266523612195397E-001, 9.192812150548952E-001, 9.933362268788706E-001, 9.992922136993443E-001, 1.000000000000000E+000 )  ),
(  (  4.077413886389701E-007, 6.066986129420211E-003, 1.458943370310374E-001, 3.628657660812909E-001, 5.702372605969447E-001, 7.458631895452886E-001, 9.242490371883896E-001, 9.937360329110068E-001, 9.996313701671462E-001, 1.000000000000000E+000 ),
   (  4.077413886389701E-007, 6.108940214451000E-003, 1.454738210565955E-001, 3.624722676022573E-001, 5.701159258538369E-001, 7.357230814005303E-001, 9.242490371883896E-001, 9.937360329110068E-001, 9.992615916915470E-001, 1.000000000000000E+000 )  )
 ),
(   //10-------------------------------------------------------------------------
(  (  0.000000000000000E+000, 0.000000000000000E+000, 0.000000000000000E+000, 0.000000000000000E+000, 0.000000000000000E+000, 0.000000000000000E+000, 0.000000000000000E+000, 0.000000000000000E+000, 0.000000000000000E+000, 0.000000000000000E+000 ),
   (  0.000000000000000E+000, 0.000000000000000E+000, 0.000000000000000E+000, 0.000000000000000E+000, 0.000000000000000E+000, 0.000000000000000E+000, 0.000000000000000E+000, 0.000000000000000E+000, 0.000000000000000E+000, 0.000000000000000E+000 )  ),
(  (  0.000000000000000E+000, 0.000000000000000E+000, 0.000000000000000E+000, 0.000000000000000E+000, 0.000000000000000E+000, 0.000000000000000E+000, 0.000000000000000E+000, 0.000000000000000E+000, 0.000000000000000E+000, 0.000000000000000E+000 ),
   (  0.000000000000000E+000, 0.000000000000000E+000, 0.000000000000000E+000, 0.000000000000000E+000, 0.000000000000000E+000, 0.000000000000000E+000, 0.000000000000000E+000, 0.000000000000000E+000, 0.000000000000000E+000, 0.000000000000000E+000 )  ),
(  (  0.000000000000000E+000, 0.000000000000000E+000, 0.000000000000000E+000, 0.000000000000000E+000, 0.000000000000000E+000, 0.000000000000000E+000, 0.000000000000000E+000, 0.000000000000000E+000, 0.000000000000000E+000, 0.000000000000000E+000 ),
   (  0.000000000000000E+000, 0.000000000000000E+000, 0.000000000000000E+000, 0.000000000000000E+000, 0.000000000000000E+000, 0.000000000000000E+000, 0.000000000000000E+000, 0.000000000000000E+000, 0.000000000000000E+000, 0.000000000000000E+000 )  ),
(  (  0.000000000000000E+000, 0.000000000000000E+000, 0.000000000000000E+000, 0.000000000000000E+000, 0.000000000000000E+000, 0.000000000000000E+000, 0.000000000000000E+000, 0.000000000000000E+000, 0.000000000000000E+000, 0.000000000000000E+000 ),
   (  0.000000000000000E+000, 0.000000000000000E+000, 0.000000000000000E+000, 0.000000000000000E+000, 0.000000000000000E+000, 0.000000000000000E+000, 0.000000000000000E+000, 0.000000000000000E+000, 0.000000000000000E+000, 0.000000000000000E+000 )  ),
(  (  0.000000000000000E+000, 0.000000000000000E+000, 0.000000000000000E+000, 0.000000000000000E+000, 0.000000000000000E+000, 0.000000000000000E+000, 0.000000000000000E+000, 0.000000000000000E+000, 0.000000000000000E+000, 0.000000000000000E+000 ),
   (  0.000000000000000E+000, 0.000000000000000E+000, 0.000000000000000E+000, 0.000000000000000E+000, 0.000000000000000E+000, 0.000000000000000E+000, 0.000000000000000E+000, 0.000000000000000E+000, 0.000000000000000E+000, 0.000000000000000E+000 )  ),
(  (  0.000000000000000E+000, 0.000000000000000E+000, 0.000000000000000E+000, 0.000000000000000E+000, 0.000000000000000E+000, 0.000000000000000E+000, 0.000000000000000E+000, 0.000000000000000E+000, 0.000000000000000E+000, 0.000000000000000E+000 ),
   (  0.000000000000000E+000, 0.000000000000000E+000, 0.000000000000000E+000, 0.000000000000000E+000, 0.000000000000000E+000, 0.000000000000000E+000, 0.000000000000000E+000, 0.000000000000000E+000, 0.000000000000000E+000, 0.000000000000000E+000 )  ),
(  (  0.000000000000000E+000, 0.000000000000000E+000, 0.000000000000000E+000, 0.000000000000000E+000, 0.000000000000000E+000, 0.000000000000000E+000, 0.000000000000000E+000, 0.000000000000000E+000, 0.000000000000000E+000, 0.000000000000000E+000 ),
   (  0.000000000000000E+000, 0.000000000000000E+000, 0.000000000000000E+000, 0.000000000000000E+000, 0.000000000000000E+000, 0.000000000000000E+000, 0.000000000000000E+000, 0.000000000000000E+000, 0.000000000000000E+000, 0.000000000000000E+000 )  ),
(  (  0.000000000000000E+000, 0.000000000000000E+000, 0.000000000000000E+000, 0.000000000000000E+000, 0.000000000000000E+000, 0.000000000000000E+000, 0.000000000000000E+000, 0.000000000000000E+000, 0.000000000000000E+000, 0.000000000000000E+000 ),
   (  0.000000000000000E+000, 0.000000000000000E+000, 0.000000000000000E+000, 0.000000000000000E+000, 0.000000000000000E+000, 0.000000000000000E+000, 0.000000000000000E+000, 0.000000000000000E+000, 0.000000000000000E+000, 0.000000000000000E+000 )  ),
(  (  0.000000000000000E+000, 0.000000000000000E+000, 0.000000000000000E+000, 0.000000000000000E+000, 0.000000000000000E+000, 0.000000000000000E+000, 0.000000000000000E+000, 0.000000000000000E+000, 0.000000000000000E+000, 0.000000000000000E+000 ),
   (  0.000000000000000E+000, 0.000000000000000E+000, 0.000000000000000E+000, 0.000000000000000E+000, 0.000000000000000E+000, 0.000000000000000E+000, 0.000000000000000E+000, 0.000000000000000E+000, 0.000000000000000E+000, 0.000000000000000E+000 )  ),
(  (  0.000000000000000E+000, 0.000000000000000E+000, 0.000000000000000E+000, 0.000000000000000E+000, 0.000000000000000E+000, 0.000000000000000E+000, 0.000000000000000E+000, 0.000000000000000E+000, 0.000000000000000E+000, 0.000000000000000E+000 ),
   (  0.000000000000000E+000, 1.726678625814644E-003, 1.062268566085363E-001, 3.628311460725844E-001, 5.637064050144862E-001, 7.226044482777066E-001, 9.161798337523749E-001, 9.933268735387157E-001, 9.993158423063552E-001, 1.000000000000000E+000 )  ),
(  (  3.893892678870556E-007, 4.903480310015077E-003, 1.105305248220032E-001, 3.581846229601960E-001, 5.822624362131370E-001, 7.146867693918497E-001, 9.191470635657123E-001, 9.933355040055913E-001, 9.994858798473217E-001, 1.000000000000000E+000 ),
   (  3.893892678870556E-007, 4.962877741700808E-003, 1.105809573041265E-001, 3.578667961233110E-001, 5.822377950576106E-001, 7.235570478466349E-001, 9.191470635657123E-001, 9.933355040055913E-001, 9.993558584418172E-001, 1.000000000000000E+000 )  ),
(  (  3.851707051336580E-007, 5.508339863855016E-003, 1.251025134258736E-001, 3.622513049696846E-001, 5.889249322341076E-001, 7.232409601148148E-001, 9.240466049157191E-001, 9.937349481800385E-001, 9.995910968938773E-001, 1.000000000000000E+000 ),
   (  3.851707051336580E-007, 5.546928063954009E-003, 1.249595596298448E-001, 3.618611647716860E-001, 5.888620739358801E-001, 7.267520938107520E-001, 9.240466049157191E-001, 9.937349481800385E-001, 9.993711664902420E-001, 1.000000000000000E+000 )  ),
(  (  3.816261288350694E-007, 6.199921655869559E-003, 1.485598242523437E-001, 3.664837383070003E-001, 5.930438385525472E-001, 7.454504445465964E-001, 9.290144270492134E-001, 9.941347542121747E-001, 9.996646321189376E-001, 1.000000000000000E+000 ),
   (  3.816261288350694E-007, 6.238229087325898E-003, 1.481145842022890E-001, 3.660196028166469E-001, 5.929302363891323E-001, 7.358229270133735E-001, 9.290144270492134E-001, 9.941347542121747E-001, 9.993489167440841E-001, 1.000000000000000E+000 )  )
 ),
(   //11-------------------------------------------------------------------------
(  (  0.000000000000000E+000, 0.000000000000000E+000, 0.000000000000000E+000, 0.000000000000000E+000, 0.000000000000000E+000, 0.000000000000000E+000, 0.000000000000000E+000, 0.000000000000000E+000, 0.000000000000000E+000, 0.000000000000000E+000 ),
   (  0.000000000000000E+000, 0.000000000000000E+000, 0.000000000000000E+000, 0.000000000000000E+000, 0.000000000000000E+000, 0.000000000000000E+000, 0.000000000000000E+000, 0.000000000000000E+000, 0.000000000000000E+000, 0.000000000000000E+000 )  ),
(  (  0.000000000000000E+000, 0.000000000000000E+000, 0.000000000000000E+000, 0.000000000000000E+000, 0.000000000000000E+000, 0.000000000000000E+000, 0.000000000000000E+000, 0.000000000000000E+000, 0.000000000000000E+000, 0.000000000000000E+000 ),
   (  0.000000000000000E+000, 0.000000000000000E+000, 0.000000000000000E+000, 0.000000000000000E+000, 0.000000000000000E+000, 0.000000000000000E+000, 0.000000000000000E+000, 0.000000000000000E+000, 0.000000000000000E+000, 0.000000000000000E+000 )  ),
(  (  0.000000000000000E+000, 0.000000000000000E+000, 0.000000000000000E+000, 0.000000000000000E+000, 0.000000000000000E+000, 0.000000000000000E+000, 0.000000000000000E+000, 0.000000000000000E+000, 0.000000000000000E+000, 0.000000000000000E+000 ),
   (  0.000000000000000E+000, 0.000000000000000E+000, 0.000000000000000E+000, 0.000000000000000E+000, 0.000000000000000E+000, 0.000000000000000E+000, 0.000000000000000E+000, 0.000000000000000E+000, 0.000000000000000E+000, 0.000000000000000E+000 )  ),
(  (  0.000000000000000E+000, 0.000000000000000E+000, 0.000000000000000E+000, 0.000000000000000E+000, 0.000000000000000E+000, 0.000000000000000E+000, 0.000000000000000E+000, 0.000000000000000E+000, 0.000000000000000E+000, 0.000000000000000E+000 ),
   (  0.000000000000000E+000, 0.000000000000000E+000, 0.000000000000000E+000, 0.000000000000000E+000, 0.000000000000000E+000, 0.000000000000000E+000, 0.000000000000000E+000, 0.000000000000000E+000, 0.000000000000000E+000, 0.000000000000000E+000 )  ),
(  (  0.000000000000000E+000, 0.000000000000000E+000, 0.000000000000000E+000, 0.000000000000000E+000, 0.000000000000000E+000, 0.000000000000000E+000, 0.000000000000000E+000, 0.000000000000000E+000, 0.000000000000000E+000, 0.000000000000000E+000 ),
   (  0.000000000000000E+000, 0.000000000000000E+000, 0.000000000000000E+000, 0.000000000000000E+000, 0.000000000000000E+000, 0.000000000000000E+000, 0.000000000000000E+000, 0.000000000000000E+000, 0.000000000000000E+000, 0.000000000000000E+000 )  ),
(  (  0.000000000000000E+000, 0.000000000000000E+000, 0.000000000000000E+000, 0.000000000000000E+000, 0.000000000000000E+000, 0.000000000000000E+000, 0.000000000000000E+000, 0.000000000000000E+000, 0.000000000000000E+000, 0.000000000000000E+000 ),
   (  0.000000000000000E+000, 0.000000000000000E+000, 0.000000000000000E+000, 0.000000000000000E+000, 0.000000000000000E+000, 0.000000000000000E+000, 0.000000000000000E+000, 0.000000000000000E+000, 0.000000000000000E+000, 0.000000000000000E+000 )  ),
(  (  0.000000000000000E+000, 0.000000000000000E+000, 0.000000000000000E+000, 0.000000000000000E+000, 0.000000000000000E+000, 0.000000000000000E+000, 0.000000000000000E+000, 0.000000000000000E+000, 0.000000000000000E+000, 0.000000000000000E+000 ),
   (  0.000000000000000E+000, 0.000000000000000E+000, 0.000000000000000E+000, 0.000000000000000E+000, 0.000000000000000E+000, 0.000000000000000E+000, 0.000000000000000E+000, 0.000000000000000E+000, 0.000000000000000E+000, 0.000000000000000E+000 )  ),
(  (  0.000000000000000E+000, 0.000000000000000E+000, 0.000000000000000E+000, 0.000000000000000E+000, 0.000000000000000E+000, 0.000000000000000E+000, 0.000000000000000E+000, 0.000000000000000E+000, 0.000000000000000E+000, 0.000000000000000E+000 ),
   (  0.000000000000000E+000, 0.000000000000000E+000, 0.000000000000000E+000, 0.000000000000000E+000, 0.000000000000000E+000, 0.000000000000000E+000, 0.000000000000000E+000, 0.000000000000000E+000, 0.000000000000000E+000, 0.000000000000000E+000 )  ),
(  (  0.000000000000000E+000, 0.000000000000000E+000, 0.000000000000000E+000, 0.000000000000000E+000, 0.000000000000000E+000, 0.000000000000000E+000, 0.000000000000000E+000, 0.000000000000000E+000, 0.000000000000000E+000, 0.000000000000000E+000 ),
   (  0.000000000000000E+000, 0.000000000000000E+000, 0.000000000000000E+000, 0.000000000000000E+000, 0.000000000000000E+000, 0.000000000000000E+000, 0.000000000000000E+000, 0.000000000000000E+000, 0.000000000000000E+000, 0.000000000000000E+000 )  ),
(  (  0.000000000000000E+000, 0.000000000000000E+000, 0.000000000000000E+000, 0.000000000000000E+000, 0.000000000000000E+000, 0.000000000000000E+000, 0.000000000000000E+000, 0.000000000000000E+000, 0.000000000000000E+000, 0.000000000000000E+000 ),
   (  0.000000000000000E+000, 0.000000000000000E+000, 0.000000000000000E+000, 0.000000000000000E+000, 0.000000000000000E+000, 0.000000000000000E+000, 0.000000000000000E+000, 0.000000000000000E+000, 0.000000000000000E+000, 0.000000000000000E+000 )  ),
(  (  0.000000000000000E+000, 0.000000000000000E+000, 0.000000000000000E+000, 0.000000000000000E+000, 0.000000000000000E+000, 0.000000000000000E+000, 0.000000000000000E+000, 0.000000000000000E+000, 0.000000000000000E+000, 0.000000000000000E+000 ),
   (  0.000000000000000E+000, 1.858032111295492E-003, 1.218402687134942E-001, 3.753730745881480E-001, 5.702032766813959E-001, 7.245076218812746E-001, 9.268441844560836E-001, 9.943211514878587E-001, 9.994076914226506E-001, 1.000000000000000E+000 )  ),
(  (  3.823807015477261E-007, 5.507417974738769E-003, 1.300214820817542E-001, 3.661262417361288E-001, 5.920493804980544E-001, 7.232279480615043E-001, 9.288786714895975E-001, 9.941340307775565E-001, 9.996033693582821E-001, 1.000000000000000E+000 ),
   (  3.823807015477261E-007, 5.556270971966307E-003, 1.298443932317072E-001, 3.656669689983905E-001, 5.919984949702705E-001, 7.276982650628685E-001, 9.288786714895975E-001, 9.941340307775565E-001, 9.994346302005532E-001, 1.000000000000000E+000 )  ),
(  (  3.789938852338735E-007, 6.403566595471545E-003, 1.534660169551692E-001, 3.703525763868272E-001, 5.974490045743691E-001, 7.454444592766908E-001, 9.338464936230918E-001, 9.945338368096927E-001, 9.996907402754859E-001, 1.000000000000000E+000 ),
   (  3.789938852338735E-007, 6.438424141725515E-003, 1.529861302213070E-001, 3.698191237363871E-001, 5.973450130472933E-001, 7.367584711690920E-001, 9.338464936230918E-001, 9.945338368096927E-001, 9.994210157611704E-001, 1.000000000000000E+000 )  )
 ),
(   //12-------------------------------------------------------------------------
(  (  0.000000000000000E+000, 0.000000000000000E+000, 0.000000000000000E+000, 0.000000000000000E+000, 0.000000000000000E+000, 0.000000000000000E+000, 0.000000000000000E+000, 0.000000000000000E+000, 0.000000000000000E+000, 0.000000000000000E+000 ),
   (  0.000000000000000E+000, 0.000000000000000E+000, 0.000000000000000E+000, 0.000000000000000E+000, 0.000000000000000E+000, 0.000000000000000E+000, 0.000000000000000E+000, 0.000000000000000E+000, 0.000000000000000E+000, 0.000000000000000E+000 )  ),
(  (  0.000000000000000E+000, 0.000000000000000E+000, 0.000000000000000E+000, 0.000000000000000E+000, 0.000000000000000E+000, 0.000000000000000E+000, 0.000000000000000E+000, 0.000000000000000E+000, 0.000000000000000E+000, 0.000000000000000E+000 ),
   (  0.000000000000000E+000, 0.000000000000000E+000, 0.000000000000000E+000, 0.000000000000000E+000, 0.000000000000000E+000, 0.000000000000000E+000, 0.000000000000000E+000, 0.000000000000000E+000, 0.000000000000000E+000, 0.000000000000000E+000 )  ),
(  (  0.000000000000000E+000, 0.000000000000000E+000, 0.000000000000000E+000, 0.000000000000000E+000, 0.000000000000000E+000, 0.000000000000000E+000, 0.000000000000000E+000, 0.000000000000000E+000, 0.000000000000000E+000, 0.000000000000000E+000 ),
   (  0.000000000000000E+000, 0.000000000000000E+000, 0.000000000000000E+000, 0.000000000000000E+000, 0.000000000000000E+000, 0.000000000000000E+000, 0.000000000000000E+000, 0.000000000000000E+000, 0.000000000000000E+000, 0.000000000000000E+000 )  ),
(  (  0.000000000000000E+000, 0.000000000000000E+000, 0.000000000000000E+000, 0.000000000000000E+000, 0.000000000000000E+000, 0.000000000000000E+000, 0.000000000000000E+000, 0.000000000000000E+000, 0.000000000000000E+000, 0.000000000000000E+000 ),
   (  0.000000000000000E+000, 0.000000000000000E+000, 0.000000000000000E+000, 0.000000000000000E+000, 0.000000000000000E+000, 0.000000000000000E+000, 0.000000000000000E+000, 0.000000000000000E+000, 0.000000000000000E+000, 0.000000000000000E+000 )  ),
(  (  0.000000000000000E+000, 0.000000000000000E+000, 0.000000000000000E+000, 0.000000000000000E+000, 0.000000000000000E+000, 0.000000000000000E+000, 0.000000000000000E+000, 0.000000000000000E+000, 0.000000000000000E+000, 0.000000000000000E+000 ),
   (  0.000000000000000E+000, 0.000000000000000E+000, 0.000000000000000E+000, 0.000000000000000E+000, 0.000000000000000E+000, 0.000000000000000E+000, 0.000000000000000E+000, 0.000000000000000E+000, 0.000000000000000E+000, 0.000000000000000E+000 )  ),
(  (  0.000000000000000E+000, 0.000000000000000E+000, 0.000000000000000E+000, 0.000000000000000E+000, 0.000000000000000E+000, 0.000000000000000E+000, 0.000000000000000E+000, 0.000000000000000E+000, 0.000000000000000E+000, 0.000000000000000E+000 ),
   (  0.000000000000000E+000, 0.000000000000000E+000, 0.000000000000000E+000, 0.000000000000000E+000, 0.000000000000000E+000, 0.000000000000000E+000, 0.000000000000000E+000, 0.000000000000000E+000, 0.000000000000000E+000, 0.000000000000000E+000 )  ),
(  (  0.000000000000000E+000, 0.000000000000000E+000, 0.000000000000000E+000, 0.000000000000000E+000, 0.000000000000000E+000, 0.000000000000000E+000, 0.000000000000000E+000, 0.000000000000000E+000, 0.000000000000000E+000, 0.000000000000000E+000 ),
   (  0.000000000000000E+000, 0.000000000000000E+000, 0.000000000000000E+000, 0.000000000000000E+000, 0.000000000000000E+000, 0.000000000000000E+000, 0.000000000000000E+000, 0.000000000000000E+000, 0.000000000000000E+000, 0.000000000000000E+000 )  ),
(  (  0.000000000000000E+000, 0.000000000000000E+000, 0.000000000000000E+000, 0.000000000000000E+000, 0.000000000000000E+000, 0.000000000000000E+000, 0.000000000000000E+000, 0.000000000000000E+000, 0.000000000000000E+000, 0.000000000000000E+000 ),
   (  0.000000000000000E+000, 0.000000000000000E+000, 0.000000000000000E+000, 0.000000000000000E+000, 0.000000000000000E+000, 0.000000000000000E+000, 0.000000000000000E+000, 0.000000000000000E+000, 0.000000000000000E+000, 0.000000000000000E+000 )  ),
(  (  0.000000000000000E+000, 0.000000000000000E+000, 0.000000000000000E+000, 0.000000000000000E+000, 0.000000000000000E+000, 0.000000000000000E+000, 0.000000000000000E+000, 0.000000000000000E+000, 0.000000000000000E+000, 0.000000000000000E+000 ),
   (  0.000000000000000E+000, 0.000000000000000E+000, 0.000000000000000E+000, 0.000000000000000E+000, 0.000000000000000E+000, 0.000000000000000E+000, 0.000000000000000E+000, 0.000000000000000E+000, 0.000000000000000E+000, 0.000000000000000E+000 )  ),
(  (  0.000000000000000E+000, 0.000000000000000E+000, 0.000000000000000E+000, 0.000000000000000E+000, 0.000000000000000E+000, 0.000000000000000E+000, 0.000000000000000E+000, 0.000000000000000E+000, 0.000000000000000E+000, 0.000000000000000E+000 ),
   (  0.000000000000000E+000, 0.000000000000000E+000, 0.000000000000000E+000, 0.000000000000000E+000, 0.000000000000000E+000, 0.000000000000000E+000, 0.000000000000000E+000, 0.000000000000000E+000, 0.000000000000000E+000, 0.000000000000000E+000 )  ),
(  (  0.000000000000000E+000, 0.000000000000000E+000, 0.000000000000000E+000, 0.000000000000000E+000, 0.000000000000000E+000, 0.000000000000000E+000, 0.000000000000000E+000, 0.000000000000000E+000, 0.000000000000000E+000, 0.000000000000000E+000 ),
   (  0.000000000000000E+000, 0.000000000000000E+000, 0.000000000000000E+000, 0.000000000000000E+000, 0.000000000000000E+000, 0.000000000000000E+000, 0.000000000000000E+000, 0.000000000000000E+000, 0.000000000000000E+000, 0.000000000000000E+000 )  ),
(  (  0.000000000000000E+000, 0.000000000000000E+000, 0.000000000000000E+000, 0.000000000000000E+000, 0.000000000000000E+000, 0.000000000000000E+000, 0.000000000000000E+000, 0.000000000000000E+000, 0.000000000000000E+000, 0.000000000000000E+000 ),
   (  0.000000000000000E+000, 2.626567786209561E-003, 1.480895918070582E-001, 3.883574011917319E-001, 5.748010744276640E-001, 7.308821383018480E-001, 9.376574517082893E-001, 9.953163302729933E-001, 9.994728576091960E-001, 1.000000000000000E+000 )  ),
(  (  3.764263159226333E-007, 6.691439638431391E-003, 1.616357163712171E-001, 3.743539256647396E-001, 6.009405482427960E-001, 7.454384778427701E-001, 9.387460349730987E-001, 9.949332809841398E-001, 9.997088082521826E-001, 1.000000000000000E+000 ),
   (  3.764263159226333E-007, 6.718548546292389E-003, 1.610982976914639E-001, 3.737487796791029E-001, 6.008432318940555E-001, 7.399293683617497E-001, 9.387460349730987E-001, 9.949332809841398E-001, 9.994657670893761E-001, 1.000000000000000E+000 )  )
 ),
(   //13-------------------------------------------------------------------------
(  (  0.000000000000000E+000, 0.000000000000000E+000, 0.000000000000000E+000, 0.000000000000000E+000, 0.000000000000000E+000, 0.000000000000000E+000, 0.000000000000000E+000, 0.000000000000000E+000, 0.000000000000000E+000, 0.000000000000000E+000 ),
   (  0.000000000000000E+000, 0.000000000000000E+000, 0.000000000000000E+000, 0.000000000000000E+000, 0.000000000000000E+000, 0.000000000000000E+000, 0.000000000000000E+000, 0.000000000000000E+000, 0.000000000000000E+000, 0.000000000000000E+000 )  ),
(  (  0.000000000000000E+000, 0.000000000000000E+000, 0.000000000000000E+000, 0.000000000000000E+000, 0.000000000000000E+000, 0.000000000000000E+000, 0.000000000000000E+000, 0.000000000000000E+000, 0.000000000000000E+000, 0.000000000000000E+000 ),
   (  0.000000000000000E+000, 0.000000000000000E+000, 0.000000000000000E+000, 0.000000000000000E+000, 0.000000000000000E+000, 0.000000000000000E+000, 0.000000000000000E+000, 0.000000000000000E+000, 0.000000000000000E+000, 0.000000000000000E+000 )  ),
(  (  0.000000000000000E+000, 0.000000000000000E+000, 0.000000000000000E+000, 0.000000000000000E+000, 0.000000000000000E+000, 0.000000000000000E+000, 0.000000000000000E+000, 0.000000000000000E+000, 0.000000000000000E+000, 0.000000000000000E+000 ),
   (  0.000000000000000E+000, 0.000000000000000E+000, 0.000000000000000E+000, 0.000000000000000E+000, 0.000000000000000E+000, 0.000000000000000E+000, 0.000000000000000E+000, 0.000000000000000E+000, 0.000000000000000E+000, 0.000000000000000E+000 )  ),
(  (  0.000000000000000E+000, 0.000000000000000E+000, 0.000000000000000E+000, 0.000000000000000E+000, 0.000000000000000E+000, 0.000000000000000E+000, 0.000000000000000E+000, 0.000000000000000E+000, 0.000000000000000E+000, 0.000000000000000E+000 ),
   (  0.000000000000000E+000, 0.000000000000000E+000, 0.000000000000000E+000, 0.000000000000000E+000, 0.000000000000000E+000, 0.000000000000000E+000, 0.000000000000000E+000, 0.000000000000000E+000, 0.000000000000000E+000, 0.000000000000000E+000 )  ),
(  (  0.000000000000000E+000, 0.000000000000000E+000, 0.000000000000000E+000, 0.000000000000000E+000, 0.000000000000000E+000, 0.000000000000000E+000, 0.000000000000000E+000, 0.000000000000000E+000, 0.000000000000000E+000, 0.000000000000000E+000 ),
   (  0.000000000000000E+000, 0.000000000000000E+000, 0.000000000000000E+000, 0.000000000000000E+000, 0.000000000000000E+000, 0.000000000000000E+000, 0.000000000000000E+000, 0.000000000000000E+000, 0.000000000000000E+000, 0.000000000000000E+000 )  ),
(  (  0.000000000000000E+000, 0.000000000000000E+000, 0.000000000000000E+000, 0.000000000000000E+000, 0.000000000000000E+000, 0.000000000000000E+000, 0.000000000000000E+000, 0.000000000000000E+000, 0.000000000000000E+000, 0.000000000000000E+000 ),
   (  0.000000000000000E+000, 0.000000000000000E+000, 0.000000000000000E+000, 0.000000000000000E+000, 0.000000000000000E+000, 0.000000000000000E+000, 0.000000000000000E+000, 0.000000000000000E+000, 0.000000000000000E+000, 0.000000000000000E+000 )  ),
(  (  0.000000000000000E+000, 0.000000000000000E+000, 0.000000000000000E+000, 0.000000000000000E+000, 0.000000000000000E+000, 0.000000000000000E+000, 0.000000000000000E+000, 0.000000000000000E+000, 0.000000000000000E+000, 0.000000000000000E+000 ),
   (  0.000000000000000E+000, 0.000000000000000E+000, 0.000000000000000E+000, 0.000000000000000E+000, 0.000000000000000E+000, 0.000000000000000E+000, 0.000000000000000E+000, 0.000000000000000E+000, 0.000000000000000E+000, 0.000000000000000E+000 )  ),
(  (  0.000000000000000E+000, 0.000000000000000E+000, 0.000000000000000E+000, 0.000000000000000E+000, 0.000000000000000E+000, 0.000000000000000E+000, 0.000000000000000E+000, 0.000000000000000E+000, 0.000000000000000E+000, 0.000000000000000E+000 ),
   (  0.000000000000000E+000, 0.000000000000000E+000, 0.000000000000000E+000, 0.000000000000000E+000, 0.000000000000000E+000, 0.000000000000000E+000, 0.000000000000000E+000, 0.000000000000000E+000, 0.000000000000000E+000, 0.000000000000000E+000 )  ),
(  (  0.000000000000000E+000, 0.000000000000000E+000, 0.000000000000000E+000, 0.000000000000000E+000, 0.000000000000000E+000, 0.000000000000000E+000, 0.000000000000000E+000, 0.000000000000000E+000, 0.000000000000000E+000, 0.000000000000000E+000 ),
   (  0.000000000000000E+000, 0.000000000000000E+000, 0.000000000000000E+000, 0.000000000000000E+000, 0.000000000000000E+000, 0.000000000000000E+000, 0.000000000000000E+000, 0.000000000000000E+000, 0.000000000000000E+000, 0.000000000000000E+000 )  ),
(  (  0.000000000000000E+000, 0.000000000000000E+000, 0.000000000000000E+000, 0.000000000000000E+000, 0.000000000000000E+000, 0.000000000000000E+000, 0.000000000000000E+000, 0.000000000000000E+000, 0.000000000000000E+000, 0.000000000000000E+000 ),
   (  0.000000000000000E+000, 0.000000000000000E+000, 0.000000000000000E+000, 0.000000000000000E+000, 0.000000000000000E+000, 0.000000000000000E+000, 0.000000000000000E+000, 0.000000000000000E+000, 0.000000000000000E+000, 0.000000000000000E+000 )  ),
(  (  0.000000000000000E+000, 0.000000000000000E+000, 0.000000000000000E+000, 0.000000000000000E+000, 0.000000000000000E+000, 0.000000000000000E+000, 0.000000000000000E+000, 0.000000000000000E+000, 0.000000000000000E+000, 0.000000000000000E+000 ),
   (  0.000000000000000E+000, 0.000000000000000E+000, 0.000000000000000E+000, 0.000000000000000E+000, 0.000000000000000E+000, 0.000000000000000E+000, 0.000000000000000E+000, 0.000000000000000E+000, 0.000000000000000E+000, 0.000000000000000E+000 )  ),
(  (  0.000000000000000E+000, 0.000000000000000E+000, 0.000000000000000E+000, 0.000000000000000E+000, 0.000000000000000E+000, 0.000000000000000E+000, 0.000000000000000E+000, 0.000000000000000E+000, 0.000000000000000E+000, 0.000000000000000E+000 ),
   (  0.000000000000000E+000, 0.000000000000000E+000, 0.000000000000000E+000, 0.000000000000000E+000, 0.000000000000000E+000, 0.000000000000000E+000, 0.000000000000000E+000, 0.000000000000000E+000, 0.000000000000000E+000, 0.000000000000000E+000 )  ),
(  (  0.000000000000000E+000, 0.000000000000000E+000, 0.000000000000000E+000, 0.000000000000000E+000, 0.000000000000000E+000, 0.000000000000000E+000, 0.000000000000000E+000, 0.000000000000000E+000, 0.000000000000000E+000, 0.000000000000000E+000 ),
   (  0.000000000000000E+000, 5.857549035462294E-003, 1.920906723264714E-001, 4.017990845883751E-001, 5.755189625642944E-001, 7.489574425522207E-001, 9.486214143638591E-001, 9.963124105936074E-001, 9.994535620962431E-001, 1.000000000000000E+000 )  )
 )
);